0 2.22588 0.595384 2.12589 0.217642 2.14413 1.49854 2.26214 0.201007 1.27291 1.70248 2.08428 0.278985 2.86494 2.24317 1.85902 1.99701 0.0230262 2.25276 2.10382 0.493394 2.08092 0.628898 2.51787 2.04702 0.930275 0.22184 2.05854 1.75687 0.278512 2.24154 2.21679 1.92612 0.419699 0.399233 2.61368 0.281041 0.26915 0.0479977 1.81252 1.62189 0.294415 0.187257 2.21637 0.427042 0.0730716 0.0570401 0.324005 0.836155 2.26358 0.0526423 2.11951 0.283347 0.364613 1.97454 0.0269669 0.0554979 0.0462048 2.27609 0.0337019 0.0621416 0.382702 0.266055 0.0790256 0.0503982 0.0621449 2.28793 2.37553 2.12607 0.265266 0.789715 2.47424 0.983648 1.23498 2.01748 0.288398 0.82198 0.0484325 2.05889 1.54492 1.40388 2.22553 2.10381 0.292234 0.280499 0.117217 0.0281901 1.98605 1.77307 2.08001 1.95496 1.99574 0.284865 2.18678 2.22692 0.204963 0.0484745 2.96712 0.853238 2.31775 0.0224986 2.31327 1.77584 2.23915 0.160192 0.286055 2.65839 0.272197 2.35578 0.0476218 3.22347 0.0410329 0.266047 0.28916 1.8381 0.260662 0.0478989 1.49281 2.05964 2.50194 0.26175 0.421665 2.07269 1.06083 1.86606 0.265954 2.09094 0.0507141 0.131692 2.18398 2.1468 1.99834 0.0612796 2.17428 1.96137 1.96566 0.487525 1.94665 0.278605 0.275269 1.91898 1.8996 0.0323162 1.92558 1.12725 2.10422 2.32723 2.39521 2.49267 2.1467 0.848874 1.86545 0.109235 0.223155 1.79883 2.3064 1.72877 0.237259 0.0507461 0.556408 0.276845 0.254347 2.28404 1.91595 2.07759 0.341276 0.0419047 1.29628 0.0388211 1.82001 0.0492332 1.93926 2.12689 2.11108 0.270256 1.46725 2.73748 2.20375 0.270931 2.10689 1.87366 0.289458 0.227731 0.161682 2.18503 0.257557 0.0866007 0.472012 0.315439 0.635928 2.45347 2.21787 2.19938 0.108466 0.0486119 1.57441 0.238864 0.282076 0.280796 0.34856 0.047788 0.0519025 2.3982 0.315167 2.49749 0.0496021 0.0441281 0.283581 0.0326452 2.22407 0.272489 0.0479409 2.11536 2.19809 0.319037 2.26564 0.0529169 0.62715 0.276536 0.292287
2.22588 0 1.79938 1.2554 2.16998 1.44599 1.60644 1.3987 2.16911 1.66673 0.673632 0.717215 2.15289 1.9281 1.39464 0.721277 0.785716 2.22187 1.30423 1.13845 1.91066 0.962263 1.76724 1.54239 1.42236 1.52033 2.16082 1.48321 1.54633 2.15617 1.26215 1.04869 1.17358 2.01789 2.03129 1.54107 2.16093 2.15478 2.23785 0.776201 0.804697 2.13774 2.17566 1.38522 2.00702 2.22908 2.2314 2.08637 1.54331 0.962238 2.22886 0.428563 2.15642 2.05384 0.413919 2.2338 2.21921 2.23515 1.05498 2.22975 2.21894 2.0474 2.14223 2.1994 2.24237 2.21888 1.26616 1.459 0.755397 2.15251 1.59791 1.14294 1.81608 1.72315 1.32287 2.15258 1.62596 2.24023 1.22201 1.19498 1.55278 1.58618 1.07559 2.14769 2.16041 2.20112 2.21577 1.05015 1.18977 1.10665 1.26032 1.21707 2.14404 1.25878 0.726318 2.1753 2.24106 2.49603 1.50046 1.42703 2.23229 1.02867 1.28926 1.31815 2.19156 2.15248 1.96142 2.16228 1.53604 2.23732 2.68159 2.2364 2.15161 2.15008 1.67445 2.1413 2.23866 1.66514 0.550284 1.51467 2.14378 1.98096 0.732661 1.35103 0.689229 2.13995 0.658851 2.24072 2.19099 0.76506 0.865173 0.959012 2.20208 1.69307 0.90697 1.47319 1.948 1.4465 2.15974 2.16112 1.47132 1.06034 2.22322 2.05531 1.22826 0.490065 0.496729 1.13497 1.24287 0.549577 1.51158 0.623024 2.20165 2.16909 0.988267 0.816321 0.935049 2.16916 2.24203 1.85483 2.1548 2.16332 0.977274 1.9826 1.20697 2.07601 2.23568 1.34831 2.23557 1.17406 2.23713 1.39527 0.594851 0.896572 2.00524 1.05516 2.19155 0.712546 2.16452 1.09045 0.954821 2.10348 2.13893 2.1907 1.09154 2.16613 2.19111 1.97007 2.12771 1.7601 0.978283 1.24725 0.731889 2.19884 2.23646 0.956553 2.1497 2.16021 2.1614 2.08871 2.23856 2.24331 0.943348 1.95686 0.959673 2.23879 2.23247 2.15759 2.23546 0.521078 2.15365 2.23579 0.388303 0.444059 2.11574 0.956377 2.22534 1.78666 2.15642 2.14574
0.595384 1.79938 0 1.87597 0.386729 1.9019 1.31268 2.06587 0.39923 1.01945 1.24403 1.65799 0.355614 2.65026 2.08185 1.55716 1.56443 0.584722 2.10051 1.91837 0.157698 1.84244 0.131844 2.38464 1.82683 0.398448 0.402163 1.95238 1.50397 0.370735 2.10053 1.80142 1.77268 0.234435 0.281065 2.25672 0.375623 0.36708 0.638954 1.53019 1.20694 0.349989 0.409608 2.05765 0.380143 0.626471 0.632487 0.352114 0.320775 1.9886 0.625956 1.69295 0.364361 0.270018 1.54803 0.614526 0.61329 0.633822 1.94609 0.621534 0.62175 0.267329 0.35775 0.619269 0.643083 0.618229 2.00843 2.16076 1.70166 0.39591 0.240233 2.07076 0.813149 1.10055 1.71797 0.361528 0.524671 0.637483 1.88082 1.15157 1.00379 2.12245 1.81477 0.362538 0.375023 0.492013 0.572408 1.56043 1.36127 1.9155 1.6779 1.74986 0.352698 1.82095 1.79902 0.395434 0.64143 2.8779 0.860934 2.16506 0.613107 1.94648 1.44568 2.12164 0.440984 0.366606 2.41394 0.369591 2.22611 0.635007 3.13927 0.629717 0.37821 0.364955 1.75181 0.356298 0.637329 1.32118 1.63193 2.31391 0.357772 0.204527 1.64576 0.777549 1.43684 0.373906 1.69755 0.641301 0.467396 1.75937 1.72025 1.73754 0.594529 2.05231 1.58372 1.82242 0.328884 1.81676 0.366827 0.368521 1.74437 1.6271 0.619076 1.77443 0.620331 1.67588 1.89897 2.13296 2.28934 1.71783 0.325407 1.43978 0.490325 0.516673 1.51568 1.87777 1.29665 0.465634 0.642732 0.0772355 0.359787 0.395288 1.87851 1.82608 1.82465 0.314948 0.633382 0.853414 0.629916 1.57099 0.635207 1.73558 1.71155 1.68258 0.407702 1.0161 2.53109 1.77542 0.370844 1.72593 1.55802 0.321395 0.372513 0.463304 2.02881 0.399683 0.544657 0.334157 0.340317 0.19787 2.03816 2.10367 1.78659 0.492362 0.637627 1.11151 0.424268 0.3763 0.373005 0.307189 0.635463 0.642221 1.97197 0.383334 2.08692 0.640042 0.627683 0.365162 0.626748 1.79753 0.367001 0.632375 1.68809 1.77282 0.331674 1.83851 0.625299 0.316656 0.370982 0.361362
2.12589 1.2554 1.87597 0 2.06787 0.482733 1.63199 0.356866 2.06674 1.87645 1.16301 0.905457 2.05044 2.34196 0.359778 1.14017 1.62654 2.12035 1.08858 0.876344 1.85268 1.36599 1.80654 0.986563 1.81384 1.8251 2.06373 1.72261 1.89832 2.05372 0.641592 1.67197 0.738026 1.91555 1.939 2.05804 2.05856 2.05263 2.14347 0.930165 1.60256 2.03543 2.07394 0.397299 1.90631 2.13323 2.13601 1.98341 1.73017 1.37384 2.13433 1.43746 2.05461 1.95123 1.20025 2.13139 2.12057 2.13919 1.05797 2.12856 2.12516 1.94708 2.03978 2.10487 2.14784 2.12346 0.343033 1.75861 1.4994 2.04956 1.80471 1.19636 1.80499 1.90978 1.5897 2.05294 1.5914 2.14571 0.897195 1.34916 1.83784 0.458746 0.553207 2.04524 2.0581 2.09874 2.1134 0.52197 1.36326 0.765745 0.826242 0.263393 2.04158 0.264023 1.31625 2.07316 2.14653 2.75913 1.29027 1.70076 2.12992 0.386328 1.59249 1.55626 2.08918 2.05127 2.27422 2.05984 1.70194 2.14364 2.963 2.1383 2.05 2.04824 1.07632 2.03857 2.14363 0.708555 1.35332 1.62639 2.04166 1.89507 0.748839 1.42725 1.43196 2.03752 1.02496 2.14619 2.09021 1.03057 0.684096 0.59139 2.09976 0.584988 0.92089 1.52012 1.85712 0.886359 2.05742 2.05872 1.46902 0.879365 2.12734 2.28016 1.84493 0.93719 1.24944 0.903867 1.12194 1.19123 1.79225 1.62895 2.09927 2.06888 1.2505 1.46357 1.58242 2.06678 2.14751 1.89764 2.05242 2.06091 0.652065 1.96975 0.321155 1.97396 2.13878 1.66595 2.13467 1.04677 2.14253 1.04707 1.52606 1.19019 1.94066 1.6255 2.44672 0.828032 2.06214 0.906008 0.782703 2.00124 2.03799 2.08832 0.591763 2.06365 2.09261 1.878 2.02557 1.7668 1.64524 0.775621 1.55903 2.09646 2.1428 1.32578 2.04733 2.05862 2.0596 1.9883 2.14404 2.14878 1.4023 1.8724 1.91389 2.14459 2.13599 2.05707 2.13397 1.53695 2.05128 2.14126 1.16194 1.53464 2.01327 0.652867 2.13288 1.85711 2.05397 2.04321
0.217642 2.16998 0.386729 2.06787 0 2.08504 1.42539 2.20355 0.0298735 1.12652 1.61421 2.02744 0.0689248 2.80786 2.18413 1.80073 1.93138 0.20478 2.19373 2.04443 0.283257 2.02188 0.440072 2.46076 1.98598 0.753093 0.0601731 2.00247 1.66278 0.0827451 2.18431 2.15803 1.86723 0.213054 0.191076 2.5548 0.0874801 0.0613127 0.260434 1.75305 1.55946 0.0772179 0.0423559 2.16287 0.219502 0.272222 0.265771 0.126046 0.668463 2.20558 0.249986 2.06136 0.0819137 0.15815 1.91572 0.23613 0.261705 0.257582 2.21839 0.247545 0.269955 0.174215 0.0716137 0.287241 0.263679 0.269341 2.22948 2.31645 2.06725 0.0879225 0.602947 2.41541 0.830929 1.1592 1.94221 0.0827477 0.618836 0.25808 1.9998 1.46722 1.26614 2.17315 2.0467 0.0942584 0.0874682 0.10648 0.192097 1.92738 1.71436 2.02107 1.89614 1.937 0.0824065 2.12769 2.16788 0.0213944 0.262029 2.91262 0.953181 2.25975 0.234363 2.25445 1.68567 2.18201 0.0613121 0.08638 2.59945 0.0679035 2.30096 0.25321 3.17304 0.245724 0.0627865 0.0829025 1.79089 0.0680044 0.257928 1.38758 2.00088 2.44285 0.0691379 0.209024 2.01386 0.887955 1.80389 0.0707008 2.03204 0.263974 0.0916585 2.12501 2.08797 1.94116 0.265279 2.11562 1.90279 1.9067 0.275462 1.88759 0.077146 0.0712278 1.86201 1.82123 0.243533 1.81335 0.971499 2.04547 2.26888 2.33612 2.43384 2.08802 0.66267 1.79287 0.111802 0.193236 1.73974 2.24745 1.65001 0.136929 0.263556 0.349866 0.0701887 0.0644619 2.22507 1.85705 2.01862 0.128607 0.256622 1.20863 0.251853 1.72963 0.259352 1.88035 2.06831 2.05199 0.379904 1.35223 2.67852 2.14523 0.0767888 2.04785 1.81483 0.0798298 0.0598854 0.077037 2.126 0.0707213 0.188623 0.264579 0.108243 0.458272 2.39528 2.16226 2.14028 0.112651 0.259821 1.4801 0.0954932 0.0876796 0.0844255 0.142143 0.250275 0.262799 2.34108 0.442191 2.43994 0.262184 0.248429 0.0751285 0.248248 2.16524 0.0783828 0.251377 2.05804 2.13934 0.112674 2.20661 0.252512 0.4227 0.0824299 0.0871186
2.14413 1.44599 1.9019 0.482733 2.08504 0 1.35448 0.629336 2.08418 2.0448 1.45297 1.13618 2.0685 2.5482 0.571816 1.45983 1.88611 2.13873 1.18139 1.08767 1.87199 1.26445 1.83425 1.15302 2.06869 1.85745 2.07609 1.51979 2.07269 2.07116 0.557265 1.99422 0.712588 1.93518 1.94672 2.25706 2.07633 2.07059 2.15283 1.20821 1.65278 2.05293 2.09229 0.653699 1.97346 2.14573 2.14594 2.00493 1.79708 1.63285 2.143 1.64839 2.07275 1.9691 1.47225 2.1492 2.13448 2.15042 1.04989 2.14687 2.13637 1.96602 2.05722 2.11501 2.15651 2.13398 0.576259 1.99096 1.79145 2.0673 1.84624 1.32997 1.63691 2.09674 1.5789 2.07103 1.75902 2.15438 0.967934 1.46033 2.01748 0.687284 0.690271 2.06268 2.07646 2.11618 2.13084 0.693759 1.66429 0.691511 0.868657 0.543916 2.0595 0.475572 1.14512 2.09078 2.1556 2.92563 1.44552 1.51978 2.14736 0.571437 1.8156 1.33827 2.10662 2.06775 2.35068 2.07804 1.79946 2.15325 3.08543 2.15147 2.06706 2.06532 1.14291 2.05718 2.15372 0.709662 1.39128 1.75396 2.05944 1.91289 1.06017 1.61125 1.72213 2.05579 1.22382 2.15486 2.10613 0.903366 0.806408 0.817122 2.1176 0.6656 1.11545 1.37483 1.91324 0.695894 2.07514 2.07693 1.29028 1.18191 2.13787 2.43866 1.8838 1.21241 1.50248 1.09633 1.33891 1.50366 1.85586 1.88312 2.11671 2.08707 1.3947 1.30095 1.77264 2.08422 2.15609 1.92041 2.06986 2.07854 0.796245 1.54919 0.504848 1.99225 2.15197 1.73257 2.15064 1.25238 2.15127 0.772535 1.81568 1.38666 1.95078 1.81157 2.6159 1.04731 2.07958 0.70561 1.00232 2.01961 2.05558 2.10576 0.69456 2.08113 2.10646 1.93009 2.04297 1.79516 1.79085 0.538983 1.82462 2.1139 2.15239 1.31736 2.06495 2.07586 2.07641 2.00436 2.15271 2.15761 1.60414 1.89227 2.03671 2.15352 2.14912 2.0731 2.15211 1.79756 2.06872 2.14993 1.44458 1.78036 2.03119 0.971583 2.14165 1.89751 2.07141 2.06117
1.49854 1.60644 1.31268 1.63199 1.42539 1.35448 0 1.89124 1.42451 1.53878 1.18389 1.38147 1.40864 2.37904 1.81692 1.17403 1.33884 1.49076 1.87316 1.48442 1.2892 1.03298 1.24223 2.19029 1.39968 1.31796 1.41757 0.873142 1.57618 1.41141 1.65072 1.60316 1.06869 1.33437 1.29858 2.09175 1.41657 1.41101 1.54052 1.32583 1.34008 1.39344 1.43255 1.83031 1.41529 1.53205 1.53328 1.34964 1.18106 1.77733 1.53105 1.45235 1.41299 1.3463 1.45721 1.51629 1.51041 1.53612 1.57836 1.52431 1.52232 1.33507 1.39746 1.50276 1.54455 1.52099 1.87674 1.74762 1.62189 1.40764 1.25435 2.05462 0.740939 1.56288 1.32835 1.4101 1.31375 1.54242 1.56882 0.850151 1.59342 1.90881 1.63705 1.40308 1.4167 1.45643 1.47787 1.43133 1.27668 1.15024 1.29052 1.46443 1.39975 1.76281 1.34355 1.43103 1.54324 2.77307 1.47856 1.16465 1.51484 1.86486 1.40635 1.09256 1.44687 1.40756 2.33739 1.41808 2.0305 1.54129 3.03346 1.53502 1.4073 1.40593 1.62105 1.39701 1.54035 1.36208 1.43879 2.08579 1.39968 1.31069 1.48827 1.31296 1.18244 1.3952 1.31142 1.5429 1.44629 1.29952 1.66619 1.3457 1.4934 1.79285 1.39422 0.740449 1.35334 1.0107 1.4153 1.41717 0.729641 1.37737 1.52191 1.96409 1.32534 1.43559 1.82345 1.7664 1.99997 1.5514 1.24565 1.29732 1.45695 1.4275 1.44972 1.37091 1.35809 1.42446 1.54412 1.3171 1.4101 1.41878 1.84873 0.891735 1.62619 1.33881 1.53648 1.04047 1.53142 1.44229 1.53938 0.702948 1.51446 1.65939 1.39346 1.36172 2.43727 1.62632 1.41982 1.04014 1.35072 1.3606 1.3967 1.44601 1.546 1.42142 1.44794 1.34913 1.38321 1.24117 1.97086 1.35402 1.69308 1.45414 1.54043 0.856018 1.40518 1.41544 1.41665 1.34931 1.54075 1.5455 1.88934 1.33059 1.91295 1.54156 1.53339 1.41356 1.52886 1.56493 1.40896 1.53798 1.42486 1.51577 1.37105 1.80681 1.52948 1.22257 1.41165 1.40142
2.26214 1.3987 2.06587 0.356866 2.20355 0.629336 1.89124 0 2.20246 1.93843 1.35327 1.11479 2.18654 2.43042 0.204204 1.37226 1.82288 2.25686 1.07983 0.994234 2.04027 1.50906 2.00833 0.954463 1.97624 2.02001 2.19918 1.75001 1.97487 2.1893 0.632179 1.90329 0.869151 2.08552 2.07894 2.18518 2.19446 2.18852 2.27088 1.13179 1.82124 2.17097 2.21042 0.240489 2.04648 2.26387 2.26402 2.12147 1.9918 1.51895 2.26127 1.57191 2.19093 2.0979 1.41267 2.26726 2.25601 2.26829 1.18465 2.26491 2.25234 2.09046 2.17535 2.23228 2.27478 2.24653 0.187469 1.89374 1.69244 2.18513 2.02493 1.253 2.02215 1.96785 1.71214 2.18511 1.67669 2.27265 0.955258 1.65684 1.91839 0.307534 0.629347 2.18081 2.19459 2.23432 2.24897 0.814114 1.59285 0.912879 1.07002 0.575594 2.17487 0.445805 1.43582 2.2086 2.27374 2.75162 1.4729 1.72502 2.26549 0.433161 1.73135 1.56361 2.22476 2.1848 2.29827 2.19597 1.69845 2.27152 2.92581 2.2696 2.18544 2.18315 1.06153 2.1749 2.27185 0.837317 1.56064 1.64961 2.17757 2.08017 0.958571 1.48107 1.64132 2.17336 1.22551 2.27313 2.22587 1.15605 0.891583 0.768089 2.23588 0.450751 1.1411 1.65299 1.99406 1.03484 2.19327 2.19506 1.58546 1.06545 2.25601 2.31528 2.05991 1.19619 1.40275 1.02153 1.17633 1.39612 2.04354 1.82018 2.23484 2.20539 1.30986 1.59151 1.69418 2.20193 2.27445 2.0875 2.18799 2.19667 0.714141 2.0548 0.40377 2.10172 2.2701 1.88262 2.26874 1.17217 2.26946 1.27344 1.73303 1.31063 2.11822 1.73525 2.49116 0.969818 2.19771 1.09349 0.941255 2.1385 2.17256 2.2239 0.706346 2.19921 2.22803 2.01205 2.15466 1.95714 1.71826 0.781671 1.74691 2.23226 2.27066 1.62754 2.18186 2.1942 2.19517 2.12383 2.27098 2.27575 1.51929 2.08216 2.03603 2.27141 2.26731 2.19252 2.27024 1.69935 2.18685 2.2682 1.34709 1.72599 2.14945 0.805369 2.25864 2.04044 2.18954 2.17959
0.201007 2.16911 0.39923 2.06674 0.0298735 2.08418 1.42451 2.20246 0 1.129 1.61335 2.0263 0.0868892 2.80697 2.18325 1.7996 1.93025 0.193014 2.19291 2.04351 0.295162 2.02096 0.445354 2.45962 1.98485 0.753603 0.0476048 2.00422 1.66187 0.0993378 2.18348 2.15684 1.8674 0.220084 0.198847 2.55393 0.10463 0.0861888 0.243439 1.75242 1.56123 0.0934079 0.0243182 2.16049 0.231994 0.258952 0.244962 0.137924 0.66733 2.20445 0.242579 2.06023 0.100499 0.166498 1.91458 0.219618 0.240236 0.240653 2.21752 0.230542 0.247894 0.186139 0.0882231 0.264683 0.247056 0.247713 2.22828 2.31557 2.06611 0.0995817 0.601894 2.41429 0.830068 1.16597 1.94135 0.103686 0.624419 0.243964 1.99893 1.46631 1.27493 2.17076 2.04588 0.109027 0.104534 0.0988666 0.179246 1.92641 1.71354 2.02198 1.89501 1.93591 0.0941745 2.12682 2.16697 0.0276289 0.245406 2.91618 0.926194 2.25996 0.216946 2.25331 1.68582 2.17998 0.047815 0.0992985 2.6013 0.0949849 2.2993 0.243046 3.17634 0.236563 0.0804431 0.097662 1.79452 0.0848476 0.241893 1.38846 1.99997 2.44202 0.0859817 0.221412 2.01273 0.887084 1.80276 0.0862442 2.03119 0.247286 0.0767265 2.12413 2.08684 1.94024 0.241456 2.11453 1.9017 1.90645 0.289898 1.8881 0.100224 0.0979752 1.86119 1.82014 0.227198 1.81664 0.970367 2.04437 2.26775 2.33525 2.43271 2.08689 0.661473 1.79174 0.0943149 0.206445 1.73887 2.24656 1.64887 0.153339 0.246963 0.360567 0.0882565 0.0817714 2.22428 1.85632 2.01775 0.145624 0.239854 1.21158 0.235269 1.72876 0.243704 1.87948 2.06756 2.05113 0.362402 1.35114 2.67966 2.14431 0.0937805 2.04693 1.8137 0.0934441 0.0393417 0.0701371 2.12525 0.0871691 0.178065 0.275238 0.11924 0.457037 2.39443 2.16056 2.13942 0.100544 0.2428 1.47918 0.111955 0.10512 0.102804 0.153167 0.242299 0.247043 2.33995 0.421233 2.43907 0.245661 0.236027 0.09723 0.231625 2.16411 0.0955334 0.239136 2.05718 2.13814 0.121869 2.2057 0.240933 0.427161 0.0995803 0.0984221
1.27291 1.66673 1.01945 1.87645 1.12652 2.0448 1.53878 1.93843 1.129 0 1.16475 1.73713 1.12597 1.77721 1.9532 1.28839 1.03238 1.26089 1.3355 1.30193 0.980493 1.35059 0.940811 1.57168 0.958312 0.948217 1.11135 1.76331 0.585189 1.14419 1.70386 1.15105 1.64689 1.0257 1.00806 1.5095 1.14878 1.12845 1.31818 1.39622 1.53086 1.11298 1.14062 1.9212 0.98041 1.30159 1.30923 1.11055 0.936054 1.2116 1.31027 1.54676 1.13733 1.06644 1.58531 1.29386 1.28305 1.3133 1.31409 1.30038 1.30032 1.05356 1.13013 1.30717 1.32278 1.29625 1.91344 1.316 1.43801 1.12937 0.940687 1.38523 1.09379 0.254886 0.892902 1.12635 0.744174 1.31718 1.70968 1.43269 0.361316 2.11352 1.63515 1.13576 1.14821 1.17147 1.25175 1.83057 1.43786 1.69538 1.98107 1.74812 1.12503 1.98282 1.44003 1.13548 1.32113 2.05576 1.00403 1.33668 1.29309 1.75636 0.648128 1.48224 1.14811 1.13803 1.58224 1.13764 1.39389 1.31177 2.29101 1.309 1.12519 1.1386 1.90356 1.12768 1.31703 1.52116 1.71215 1.38115 1.12949 1.02487 1.54406 0.650836 1.23804 1.12116 1.52294 1.32114 1.15032 1.64838 1.91831 1.51753 1.28075 2.24395 1.69568 1.72781 0.914913 1.81065 1.13948 1.1381 1.63153 1.13408 1.29872 0.878019 1.01315 1.74733 1.36786 1.37909 1.44287 1.37062 0.990726 1.22254 1.17017 1.20744 1.27284 1.38286 1.26698 1.15943 1.32242 1.04478 1.12915 1.13748 1.60989 2.06627 1.65686 1.05968 1.3125 1.29391 1.30946 0.915057 1.31487 1.84693 1.58675 1.08579 1.15458 0.991263 1.64837 1.56293 1.13884 1.82954 1.4191 1.08454 1.09579 1.14696 1.61375 1.14161 1.21385 0.918381 1.11287 0.888255 1.33554 1.85729 1.43351 1.1719 1.31458 1.24865 1.12533 1.14983 1.14666 1.07938 1.3148 1.3219 1.34994 1.10361 1.4398 1.31939 1.30509 1.12706 1.30528 1.64172 1.14047 1.31199 1.48017 1.48122 1.10466 1.52809 1.29806 0.921036 1.14451 1.13467
1.70248 0.673632 1.24403 1.16301 1.61421 1.45297 1.18389 1.35327 1.61335 1.16475 0 0.65305 1.5971 2.05698 1.40372 0.510845 0.751776 1.69461 1.27996 0.967575 1.34973 0.966464 1.20694 1.57483 1.12215 1.04821 1.60904 1.46047 1.11188 1.6009 1.30378 0.971511 0.954003 1.46108 1.48088 1.57931 1.6059 1.59954 1.7449 0.592249 1.02332 1.58094 1.62093 1.36683 1.44391 1.73464 1.73705 1.53024 0.975362 1.06334 1.73544 0.794985 1.60153 1.49794 0.614772 1.72061 1.71595 1.74024 1.03052 1.72832 1.72625 1.48863 1.58696 1.70686 1.7491 1.72483 1.26609 1.35463 0.956797 1.59643 1.02972 1.20656 1.28208 1.2296 0.925687 1.59853 1.06473 1.74681 1.27131 0.720284 1.05446 1.56247 1.01549 1.5925 1.60567 1.64536 1.68209 0.826572 0.934513 0.999595 1.17107 1.01271 1.58669 1.23631 0.816038 1.61951 1.74764 2.4874 1.02513 1.43898 1.71939 1.06226 0.822954 1.34874 1.6358 1.59546 1.97721 1.60687 1.51191 1.74515 2.74095 1.73941 1.59624 1.59513 1.58672 1.58556 1.74474 1.12693 0.954488 1.57305 1.58859 1.4256 0.584896 0.809993 0.568921 1.58439 0.605495 1.74746 1.63646 0.761279 1.00221 0.77836 1.69795 1.67355 0.83684 1.39375 1.38846 1.26779 1.60415 1.60583 1.32053 0.668096 1.72617 1.57875 1.03517 0.639737 0.810178 1.16957 1.37349 0.549363 1.02097 0.66149 1.64604 1.6233 0.793338 0.862305 0.718889 1.61364 1.74877 1.29603 1.59903 1.60752 1.03445 1.94007 1.08738 1.5131 1.74029 0.85382 1.73594 0.722353 1.7437 1.27531 0.905245 0.745042 1.50871 0.76068 2.07284 0.761141 1.60877 1.05797 0.664342 1.54834 1.58397 1.63494 1.10689 1.61055 1.65078 1.42272 1.57239 1.19006 1.08555 1.26297 1.01174 1.64307 1.7443 0.496624 1.59352 1.60553 1.60626 1.53507 1.74514 1.74989 0.993802 1.4297 1.30406 1.74584 1.7374 1.60239 1.73302 0.941116 1.59804 1.74237 0.521221 0.90163 1.56093 0.924236 1.73319 1.32674 1.60115 1.59039
2.08428 0.717215 1.65799 0.905457 2.02744 1.13618 1.38147 1.11479 2.0263 1.73713 0.65305 0 2.01005 2.11131 1.12766 0.703559 1.06112 2.07804 1.18544 0.974995 1.76727 0.830086 1.62589 1.41778 1.40466 1.49382 2.02007 1.52412 1.67983 2.01329 1.14718 1.09449 0.813077 1.87462 1.89127 1.63445 2.01807 2.01193 2.09452 0.62301 1.18489 1.99469 2.03303 1.12188 1.8673 2.08582 2.0887 1.94307 1.37987 1.1484 2.08549 0.774865 2.01364 1.91076 0.743452 2.09111 2.07691 2.09254 0.974975 2.0878 2.07605 1.9072 1.99934 2.05603 2.099 2.07602 1.05005 1.52066 1.07173 2.00913 1.46448 1.07922 1.4515 1.80041 1.39537 2.01043 1.51562 2.09686 1.11631 0.766625 1.60664 1.27003 0.84313 2.00481 2.01734 2.05831 2.07296 0.676998 1.01228 0.868213 0.61907 0.856075 2.00163 0.917353 0.846336 2.03291 2.09773 2.66151 1.26553 1.4979 2.08948 0.905176 1.35891 1.39752 2.04875 2.01112 2.09364 2.01941 1.54655 2.09293 2.8263 2.0936 2.00918 2.00745 1.47596 1.99816 2.09585 1.32219 0.915843 1.53459 2.001 1.83831 0.523028 1.34615 0.828005 1.99709 0.377697 2.09735 2.04977 0.626416 0.664023 0.724361 2.0594 1.37451 0.447268 1.406 1.81228 1.11039 2.01698 2.01819 1.37679 0.908684 2.08001 2.16076 1.47048 0.340766 0.821903 0.924214 1.20782 0.697728 1.46014 1.10712 2.05884 2.02664 1.02049 0.911067 1.14563 2.02635 2.09866 1.71173 2.01199 2.02048 0.885726 1.85838 0.987488 1.93363 2.09258 1.1798 2.09277 1.05255 2.09374 1.04995 0.927458 0.821639 1.86261 1.23363 2.3505 0.583938 2.02171 0.771265 0.680371 1.96041 1.99771 2.04789 1.00126 2.02325 2.04895 1.83282 1.9851 1.61975 1.16033 1.1002 1.07398 2.05603 2.09211 0.887169 2.00707 2.01819 2.01917 1.94789 2.09519 2.09994 0.967416 1.80059 1.36385 2.09602 2.0892 2.01522 2.09244 0.920838 2.01084 2.09237 0.590197 0.890111 1.97285 0.846048 2.08321 1.71649 2.01353 2.00277
0.278985 2.15289 0.355614 2.05044 0.0689248 2.0685 1.40864 2.18654 0.0868892 1.12597 1.5971 2.01005 0 2.79072 2.16747 1.78363 1.91442 0.268244 2.17697 2.02792 0.251609 2.00524 0.426068 2.4438 1.96862 0.735617 0.119837 1.98596 1.64565 0.0198502 2.16731 2.1413 1.85046 0.178714 0.13255 2.53804 0.024766 0.062811 0.321458 1.77977 1.54275 0.0357248 0.102066 2.14586 0.157931 0.336458 0.325233 0.0951562 0.651656 2.18832 0.317827 2.04429 0.0161741 0.100633 1.89875 0.297524 0.320249 0.318929 2.20133 0.308501 0.327347 0.116513 0.0301836 0.345336 0.325487 0.327176 2.21297 2.30003 2.05033 0.0990984 0.585548 2.3985 0.81442 1.17502 1.92522 0.0256032 0.601385 0.319888 1.98315 1.45052 1.25971 2.15643 2.02949 0.0300177 0.0243521 0.174083 0.254467 1.91042 1.69735 2.00448 1.87922 1.92003 0.0185885 2.11132 2.15118 0.07869 0.323833 2.89624 1.01033 2.24282 0.295154 2.23753 1.66849 2.16526 0.123117 0.0207263 2.58313 0.0308582 2.28407 0.317757 3.15705 0.31174 0.0658048 0.0177753 1.77453 0.0312854 0.319733 1.37059 1.98401 2.42649 0.0301268 0.176406 1.99695 0.871433 1.78698 0.0703675 2.01542 0.325713 0.152884 2.1085 2.07135 1.92412 0.322831 2.09864 1.88582 1.8899 0.233772 1.87092 0.0171559 0.0204265 1.84495 1.80455 0.305275 1.79652 0.954073 2.02847 2.25159 2.31983 2.41709 2.07106 0.645761 1.77596 0.172776 0.204888 1.72309 2.23064 1.63336 0.151861 0.32536 0.312766 0.00986034 0.079187 2.20847 1.84047 2.00202 0.128165 0.317718 1.19158 0.313587 1.71264 0.319722 1.86379 2.05114 2.03534 0.442886 1.3356 2.6622 2.12817 0.0179853 2.0311 1.79787 0.0520095 0.116149 0.145342 2.10954 0.085588 0.253788 0.269031 0.0421399 0.457545 2.37825 2.14542 2.12365 0.175586 0.320757 1.46289 0.110228 0.025388 0.0218069 0.076252 0.31752 0.324604 2.32384 0.501302 2.42266 0.323893 0.310894 0.0380701 0.309662 2.14828 0.0222561 0.313506 2.04089 2.1226 0.0460738 2.18986 0.317349 0.410072 0.0203889 0.0207082
2.86494 1.9281 2.65026 2.34196 2.80786 2.5482 2.37904 2.43042 2.80697 1.77721 2.05698 2.11131 2.79072 0 2.43332 1.87346 1.69994 2.85856 1.95214 1.9337 2.65411 1.76264 2.57696 1.81004 1.24149 2.58715 2.80525 2.24376 1.40692 2.79412 2.22139 1.41785 2.27949 2.71161 2.68696 0.684264 2.79903 2.79259 2.87511 2.04117 2.2318 2.77605 2.81369 2.37763 2.63841 2.86644 2.86936 2.77115 2.48199 1.5159 2.86582 1.87369 2.79431 2.72743 2.15088 2.87191 2.86209 2.873 1.82134 2.86841 2.85811 2.71896 2.78036 2.8518 2.87923 2.85656 2.35528 1.18076 1.73654 2.79002 2.56565 1.58747 2.53376 1.78571 1.55686 2.7914 2.3879 2.87701 2.17569 2.25254 1.90605 2.58144 2.1818 2.78577 2.7983 2.83892 2.85364 2.34393 2.09459 2.19493 2.3864 2.30403 2.78233 2.42968 1.86693 2.81436 2.8784 0.693373 2.56977 1.6898 2.87015 2.16618 1.61785 2.0146 2.82942 2.79011 0.649642 2.80019 1.60328 2.87308 0.766539 2.87417 2.79161 2.78881 2.47687 2.7788 2.87651 2.66965 2.16324 1.24588 2.78166 2.69221 2.05609 2.27969 1.92309 2.77906 1.95691 2.87758 2.82898 2.06988 2.26358 2.12964 2.84087 2.68145 2.14303 2.26341 2.59208 2.48982 2.79774 2.79909 2.32983 1.92825 2.86053 1.07037 2.56398 2.12375 1.7635 1.74724 1.38554 1.83928 2.55082 1.94133 2.83951 2.80732 2.0573 1.75358 2.02981 2.80726 2.87891 2.67848 2.79267 2.80112 2.11099 2.65676 2.31162 2.71759 2.87313 2.43057 2.8733 1.91222 2.87398 2.45446 2.00503 1.75245 2.73027 2.09131 0.539555 1.99369 2.80238 2.3147 2.11744 2.74201 2.77771 2.82855 2.09184 2.8041 2.83398 2.62337 2.7661 2.55536 1.4128 2.28889 1.69837 2.83665 2.87221 2.18158 2.78782 2.79895 2.79943 2.73191 2.87535 2.88038 1.60146 2.6937 1.37 2.87592 2.86982 2.79849 2.87311 1.99569 2.79151 2.87257 1.94877 1.78802 2.75469 2.00029 2.86587 2.48539 2.7945 2.78375
2.24317 1.39464 2.08185 0.359778 2.18413 0.571816 1.81692 0.204204 2.18325 1.9532 1.40372 1.12766 2.16747 2.43332 0 1.37356 1.85061 2.23776 1.08614 1.00064 2.05578 1.48365 2.01546 0.946926 1.98082 2.03318 2.17637 1.75534 1.98701 2.1702 0.568215 1.90166 0.849964 2.10026 2.0647 2.21629 2.17537 2.16978 2.25203 1.14006 1.82993 2.15286 2.19133 0.191463 2.02175 2.24477 2.24599 2.10024 1.98555 1.55566 2.24195 1.62734 2.17179 2.11371 1.42719 2.24803 2.23476 2.24952 1.18693 2.24598 2.23397 2.10771 2.15644 2.21259 2.25546 2.23347 0.251574 1.92192 1.70641 2.16679 2.01671 1.24522 1.97153 2.0034 1.71908 2.17092 1.63894 2.25333 0.869859 1.63657 1.96214 0.272448 0.662403 2.16173 2.1755 2.21522 2.22987 0.801298 1.58731 0.864061 1.05348 0.530088 2.15823 0.382459 1.40254 2.18961 2.25464 2.76222 1.46791 1.70958 2.24639 0.465851 1.78577 1.54906 2.20566 2.16704 2.33884 2.17726 1.6771 2.2522 2.92564 2.25051 2.16609 2.16472 1.06268 2.1564 2.25276 0.828451 1.50977 1.61253 2.15847 2.08927 0.990056 1.48569 1.66576 2.154 1.20499 2.25381 2.20509 1.13357 0.838796 0.790929 2.21634 0.423861 1.14624 1.59509 1.96991 0.940826 2.17409 2.17597 1.50707 1.10014 2.23694 2.31839 2.05456 1.17159 1.44602 1.07104 1.16016 1.42394 2.0525 1.85176 2.21575 2.18629 1.36853 1.58126 1.73602 2.18326 2.25515 2.10216 2.1689 2.17758 0.684335 1.97959 0.435569 2.11449 2.25101 1.92203 2.24971 1.19611 2.25029 1.20252 1.74279 1.31182 2.1311 1.76121 2.55794 0.975177 2.17862 1.03934 0.961923 2.11921 2.15563 2.2048 0.696408 2.18021 2.20674 1.97565 2.14208 1.97778 1.75877 0.76361 1.73046 2.21294 2.25134 1.58713 2.16417 2.17424 2.17545 2.11564 2.25166 2.25664 1.53361 2.07978 2.04723 2.2523 2.24816 2.17236 2.25115 1.73489 2.16776 2.24889 1.38731 1.74171 2.12981 0.873579 2.24069 1.98944 2.17044 2.16021
1.85902 0.721277 1.55716 1.14017 1.80073 1.45983 1.17403 1.37226 1.7996 1.28839 0.510845 0.703559 1.78363 1.87346 1.37356 0 0.769719 1.85362 1.23937 0.836787 1.56064 0.651136 1.48839 1.44641 0.949214 1.44163 1.79398 1.40501 1.16677 1.78659 1.24027 0.857771 0.88685 1.65 1.67307 1.48034 1.79152 1.7862 1.90087 0.463066 1.18523 1.76901 1.80718 1.32549 1.63764 1.88984 1.89257 1.71627 1.29515 0.831823 1.8915 0.73314 1.78691 1.68454 0.720677 1.87665 1.87055 1.89645 0.961324 1.88436 1.8822 1.68289 1.7727 1.86308 1.90501 1.88214 1.27771 1.1633 0.871245 1.78315 1.4104 1.19682 1.3609 1.33397 0.962166 1.78664 1.27648 1.90288 1.21881 0.773715 1.24245 1.54291 1.01981 1.77897 1.79135 1.8316 1.84643 0.955894 0.847701 0.949881 1.05672 0.95252 1.77492 1.24899 0.781662 1.80621 1.9037 2.32473 1.22335 1.31499 1.87529 1.05755 0.953246 1.24869 1.82204 1.78484 1.86536 1.79226 1.45102 1.90122 2.60939 1.89547 1.781 1.7811 1.56223 1.77212 1.9008 1.3728 1.00875 1.47107 1.77462 1.6116 0.60696 0.986244 0.544405 1.77038 0.47923 1.90336 1.82308 0.777487 1.02428 0.698782 1.85384 1.67412 0.806916 1.32433 1.58772 1.1981 1.79028 1.79185 1.26465 0.727483 1.88237 1.68975 1.41972 0.721385 0.939126 1.02165 1.20654 0.612452 1.40234 0.825065 1.83213 1.80206 0.838928 0.922285 0.912108 1.79964 1.90459 1.5853 1.7856 1.79382 0.994444 1.88456 1.1016 1.70848 1.89641 1.18776 1.89193 0.863316 1.89995 1.24406 0.781354 0.798296 1.66514 0.957908 1.97159 0.699765 1.795 1.12843 0.689732 1.73516 1.7701 1.82119 1.03334 1.79667 1.82286 1.6189 1.75853 1.46335 1.12623 1.25202 0.836097 1.82932 1.90036 0.863714 1.78042 1.79149 1.79246 1.72135 1.90121 1.90595 0.905366 1.59105 1.3906 1.90165 1.89268 1.78733 1.88805 0.89911 1.78414 1.89843 0.551552 0.795842 1.74615 0.935825 1.88794 1.42205 1.78683 1.77655
1.99701 0.785716 1.56443 1.62654 1.93138 1.88611 1.33884 1.82288 1.93025 1.03238 0.751776 1.06112 1.91442 1.69994 1.85061 0.769719 0 1.98923 1.30142 0.973528 1.67386 0.951872 1.52635 1.56696 0.774564 1.29157 1.92688 1.59757 0.999817 1.91724 1.59628 0.501084 1.34223 1.78073 1.80636 1.22999 1.9224 1.91667 2.03899 1.04749 1.00943 1.89841 1.93836 1.80129 1.76832 2.02911 2.03023 1.85297 1.34872 0.993345 2.02978 0.66 1.91882 1.81438 0.793016 2.0146 2.01081 2.03432 1.05066 2.0227 2.02197 1.80865 1.90342 2.00152 2.04302 2.01906 1.69459 1.05113 0.842813 1.91332 1.3725 1.12624 1.51095 1.07794 0.910154 1.91593 1.4669 2.04089 1.63071 1.00617 0.974719 1.99107 1.49195 1.90875 1.92253 1.96226 1.97787 1.32112 1.08325 1.46188 1.55336 1.49771 1.90499 1.68988 0.961942 1.9358 2.04171 2.0778 1.59691 1.29363 2.01331 1.44124 0.790845 1.3756 1.9527 1.91423 1.63296 1.92391 1.40911 2.03976 2.37462 2.03349 1.91315 1.91176 1.85963 1.90284 2.03882 1.73638 0.998744 1.4373 1.90551 1.74225 1.02906 1.33042 0.393479 1.90234 0.932846 2.04138 1.95372 1.18693 1.42258 1.13706 1.99318 2.10823 1.23893 1.56823 1.71752 1.7213 1.92113 1.92337 1.58332 0.947566 2.02026 1.41728 1.1191 0.859691 0.615989 1.07105 1.31353 0.659067 1.27364 0.457264 1.96278 1.93333 1.28104 0.817442 0.924236 1.9304 2.04269 1.61321 1.91593 1.92462 1.31022 2.08566 1.53994 1.83762 2.0349 1.06108 2.02986 0.916025 2.03778 1.73593 0.695161 0.745326 1.80315 1.00646 1.72563 1.08625 1.92566 1.50531 1.15266 1.86624 1.90018 1.95184 1.41388 1.9272 1.95576 1.74272 1.88904 1.51994 0.963374 1.66538 0.792241 1.95997 2.0389 0.903057 1.91032 1.9228 1.92311 1.85241 2.03922 2.04397 0.983454 1.75179 0.77294 2.03968 2.03186 1.92023 2.02733 0.694704 1.91479 2.03645 0.63462 0.471971 1.87733 1.0956 2.02842 1.65896 1.91748 1.90725
0.0230262 2.22187 0.584722 2.12035 0.20478 2.13873 1.49076 2.25686 0.193014 1.26089 1.69461 2.07804 0.268244 2.85856 2.23776 1.85362 1.98923 0 2.24735 2.09806 0.480952 2.07551 0.613934 2.50944 2.03695 0.922294 0.209502 2.05313 1.74868 0.277368 2.23302 2.21138 1.92071 0.411403 0.389928 2.60842 0.280002 0.253849 0.0688535 1.80647 1.61279 0.279469 0.180603 2.21096 0.416341 0.0765187 0.0690203 0.317161 0.8287 2.25818 0.0573564 2.11413 0.276491 0.357288 1.96913 0.0408635 0.065153 0.0665883 2.27069 0.0551156 0.0757204 0.373768 0.264135 0.0942033 0.0698396 0.0755477 2.28253 2.37005 2.12066 0.250524 0.780501 2.46883 0.976126 1.21926 2.00914 0.27169 0.810763 0.0661378 2.05348 1.53714 1.38836 2.22013 2.09647 0.284458 0.279274 0.108423 0.0224821 1.98064 1.76757 2.07461 1.94974 1.99033 0.277976 2.18137 2.22152 0.203438 0.0692276 2.96289 0.847859 2.31178 0.0434817 2.30786 1.7657 2.23374 0.155347 0.27987 2.65314 0.263341 2.34726 0.0537692 3.21807 0.0514064 0.252137 0.282226 1.83055 0.259186 0.0649017 1.48304 2.05426 2.49654 0.260711 0.408004 2.06728 1.05298 1.85847 0.251646 2.08554 0.0695609 0.126937 2.17857 2.14139 1.99294 0.0728332 2.16888 1.95608 1.96025 0.47353 1.94125 0.270929 0.266411 1.9116 1.89183 0.0486051 1.91761 1.11927 2.09881 2.32185 2.3898 2.48726 2.14144 0.841223 1.85768 0.108165 0.20799 1.79342 2.301 1.721 0.227079 0.0692882 0.549083 0.270486 0.24556 2.27863 1.91055 2.0723 0.326636 0.0616998 1.2884 0.059686 1.81224 0.0671115 1.93385 2.12141 2.10568 0.256055 1.4595 2.7322 2.1985 0.269906 2.10148 1.86825 0.275937 0.217182 0.152989 2.17963 0.248776 0.0712855 0.463223 0.307261 0.62812 2.44809 2.21246 2.19397 0.099829 0.0642358 1.56652 0.229266 0.281006 0.277887 0.340788 0.0587756 0.0678243 2.38968 0.305724 2.49208 0.0687419 0.0549653 0.269657 0.0532026 2.21866 0.271419 0.060885 2.10936 2.19269 0.311543 2.26024 0.0586169 0.619419 0.275466 0.284883
2.25276 1.30423 2.10051 1.08858 2.19373 1.18139 1.87316 1.07983 2.19291 1.3355 1.27996 1.18544 2.17697 1.95214 1.08614 1.23937 1.30142 2.24735 0 0.619383 2.07333 1.2151 2.02781 0.803561 1.4066 1.95147 2.18127 1.68387 1.30705 2.17979 0.823832 1.41519 0.926023 2.09142 2.07436 1.69334 2.18495 2.17908 2.26137 1.10874 1.83351 2.16128 2.20091 1.09742 2.02196 2.25436 2.2536 2.12124 2.00824 1.05051 2.25135 1.43028 2.18138 2.13283 1.4372 2.25779 2.24131 2.2588 0.739665 2.25543 2.24417 2.12405 2.16584 2.22457 2.26498 2.2423 1.06759 1.2367 1.49371 2.17563 2.01083 0.654453 2.02866 1.4072 1.13742 2.17892 1.66998 2.26272 1.16258 1.68172 1.38105 1.25967 0.704935 2.1713 2.18508 2.22481 2.23946 1.10301 1.63171 0.901376 1.18005 1.02963 2.16781 1.14427 1.08347 2.19939 2.26423 2.24067 1.49805 1.21937 2.25598 0.898436 1.1554 1.1024 2.21525 2.17689 1.66738 2.18647 0.846633 2.2617 2.42816 2.26009 2.17404 2.17408 1.5259 2.1654 2.26235 1.26304 1.52401 1.00576 2.16806 2.11058 0.869804 1.42527 1.42609 2.16471 1.12914 2.26332 2.21586 1.06807 1.10424 0.8209 2.22653 1.37367 1.19435 1.67505 1.9749 1.07433 2.18376 2.18555 1.58242 0.725951 2.2465 1.71274 2.04172 1.25109 0.941744 0.6441 0.73103 1.08234 2.07431 1.59934 2.22534 2.19538 0.921067 1.10018 1.6516 2.19284 2.26471 2.12245 2.17848 2.18717 0.781266 2.0687 0.91535 2.14276 2.26059 1.93428 2.25925 0.703352 2.25967 1.33327 1.65381 0.720611 2.15074 1.67962 1.96285 0.792047 2.18821 1.13775 0.765654 2.13061 2.17383 2.21439 0.795113 2.18972 2.21321 1.99672 2.16024 1.99203 0.998173 0.948866 1.47083 2.22273 2.26074 1.61382 2.17357 2.18507 2.18546 2.13789 2.26105 2.26623 1.06093 2.09602 1.53294 2.26136 2.25781 2.18008 2.26074 1.57842 2.17734 2.25828 1.19557 1.45642 2.14513 0.738459 2.24863 1.99203 2.18003 2.17011
2.10382 1.13845 1.91837 0.876344 2.04443 1.08767 1.48442 0.994234 2.04351 1.30193 0.967575 0.974995 2.02792 1.9337 1.00064 0.836787 0.973528 2.09806 0.619383 0 1.89081 0.930013 1.85361 0.83809 1.11323 1.85047 2.03938 1.56248 1.3305 2.03142 0.740824 1.15047 0.503309 1.9358 1.92039 1.61947 2.03658 2.02991 2.13926 0.926295 1.73374 2.01237 2.052 1.03078 1.87805 2.12878 2.13214 1.96498 1.79411 1.05615 2.12919 1.22611 2.03209 1.94886 1.21252 2.11546 2.11081 2.13432 0.650463 2.12295 2.12226 1.94207 2.01747 2.10179 2.14329 2.11857 0.96123 1.12108 1.33537 2.02634 1.86138 0.84299 1.61009 1.29884 1.05182 2.03018 1.5117 2.14056 1.19809 1.26584 1.33524 1.16644 0.78722 2.02294 2.03672 2.07552 2.09021 0.779703 1.40278 0.70957 0.909766 0.742442 2.01908 1.06971 1.04479 2.05188 2.14164 2.26501 1.32459 1.21885 2.11358 0.802055 1.07151 1.10785 2.06596 2.02725 1.84735 2.03718 1.22537 2.13944 2.53058 2.13316 2.02774 2.02594 1.46039 2.01671 2.13849 1.01651 1.51014 1.25338 2.01937 1.92774 0.651118 1.25324 1.0904 2.01513 0.825177 2.14165 2.06539 0.974731 1.01638 0.396544 2.09257 1.29238 1.02688 1.51103 1.83127 0.920142 2.03439 2.03627 1.48071 0.461689 2.11991 1.67719 1.88505 1.01387 0.927811 0.438329 0.757565 0.851396 1.8309 1.24784 2.07665 2.04659 1.17625 1.03029 1.49052 2.04356 2.14296 1.93887 2.02919 2.03788 0.706614 2.05397 0.77485 1.95282 2.13459 1.62829 2.13013 0.491552 2.13744 1.20709 1.3901 0.748393 1.98934 1.52952 1.89483 0.70191 2.03938 1.05637 0.724388 1.98043 2.01575 2.0651 0.571255 2.04045 2.06882 1.86017 2.00231 1.81195 1.28113 0.801459 1.34398 2.07324 2.13858 1.3362 2.02428 2.03612 2.03575 1.9646 2.13889 2.14364 1.09623 1.9325 1.49312 2.14053 2.13154 2.03432 2.1276 1.31965 2.02865 2.13612 0.905818 1.17444 1.9915 0.521894 2.12921 1.87195 2.03166 2.02143
0.493394 1.91066 0.157698 1.85268 0.283257 1.87199 1.2892 2.04027 0.295162 0.980493 1.34973 1.76727 0.251609 2.65411 2.05578 1.56064 1.67386 0.480952 2.07333 1.89081 0 1.84651 0.202401 2.36099 1.81486 0.492681 0.297445 1.92685 1.49293 0.267644 2.07469 1.90151 1.74374 0.126476 0.165597 2.29754 0.273311 0.263449 0.536171 1.53928 1.29816 0.24388 0.315939 2.03951 0.245049 0.521884 0.529254 0.26279 0.456157 1.98991 0.532246 1.79904 0.260882 0.16666 1.65626 0.511749 0.510483 0.531255 1.96374 0.519446 0.523899 0.157278 0.257263 0.529904 0.540476 0.51569 1.99036 2.13266 1.81023 0.297728 0.379494 2.15889 0.788266 1.05828 1.71112 0.257522 0.495393 0.534878 1.86419 1.21239 1.01527 2.0895 1.81556 0.260641 0.272601 0.388484 0.468921 1.67057 1.46198 1.88899 1.70657 1.74027 0.254619 1.87502 1.91209 0.290971 0.538827 2.84583 0.833746 2.13903 0.510119 1.99656 1.44518 2.09623 0.33811 0.263057 2.38151 0.265686 2.20188 0.531354 3.10685 0.526144 0.273816 0.263373 1.72519 0.253076 0.534726 1.28534 1.7418 2.29592 0.255165 0.099098 1.75295 0.747311 1.54101 0.276299 1.77823 0.540707 0.365701 1.87083 1.82891 1.71277 0.503427 2.02801 1.64422 1.79339 0.191446 1.78274 0.263374 0.264855 1.71829 1.61955 0.515438 1.73947 0.721141 1.78882 2.00742 2.11571 2.2893 1.83032 0.458089 1.53586 0.387741 0.413296 1.5208 1.99052 1.39109 0.364227 0.540353 0.146727 0.258059 0.291545 1.97074 1.77802 1.8107 0.208928 0.530371 0.958313 0.526985 1.54345 0.53149 1.7077 1.80887 1.793 0.301145 1.10052 2.4939 1.88635 0.26877 1.79318 1.55781 0.220663 0.27283 0.359783 2.00326 0.295946 0.440826 0.208175 0.238485 0.217812 2.14026 2.07717 1.88434 0.388553 0.534884 1.22209 0.320201 0.274009 0.270575 0.203741 0.531961 0.539597 2.0837 0.339782 2.18397 0.537504 0.524168 0.261165 0.524111 1.90962 0.264641 0.527813 1.79572 1.87941 0.232205 1.95198 0.522463 0.31895 0.268687 0.260317
2.08092 0.962263 1.84244 1.36599 2.02188 1.26445 1.03298 1.50906 2.02096 1.35059 0.966464 0.830086 2.00524 1.76264 1.48365 0.651136 0.951872 2.07551 1.2151 0.930013 1.84651 0 1.773 1.49897 1.01889 1.76378 2.01517 1.0557 1.27649 2.00795 1.05705 1.00459 0.874214 1.90494 1.89473 1.42328 2.01311 2.00754 2.09372 1.02248 1.4726 1.99031 2.02907 1.44237 1.85946 2.08378 2.08661 1.93782 1.61263 1.02752 2.08418 0.905529 2.00953 1.91911 1.14176 2.08599 2.07355 2.08925 0.79849 2.08374 2.07568 1.91281 1.994 2.05472 2.09768 2.07413 1.46031 1.12084 0.963247 2.00442 1.73275 1.26081 1.21541 1.39201 0.904117 2.00844 1.49311 2.09555 1.23949 0.936192 1.38621 1.6806 1.19061 1.99947 2.01324 2.05297 2.06762 1.27856 1.21366 0.779071 1.10983 1.27293 1.99629 1.49839 0.532032 2.02757 2.09638 2.27461 1.5503 0.840261 2.08414 1.24336 1.07699 0.839619 2.04341 2.00456 1.77852 2.01478 1.40311 2.09443 2.48634 2.08829 2.00458 2.00247 1.68081 1.99392 2.09348 1.69818 1.07342 1.39094 1.99622 1.88299 0.983547 1.27339 0.912471 1.99175 0.51901 2.09604 2.04285 0.7026 1.32716 0.974506 2.05415 1.78933 0.981746 0.993707 1.81113 1.13134 2.01184 2.01371 1.0018 0.943095 2.07785 1.76987 1.75411 0.975864 1.00715 1.02379 1.20538 0.820246 1.73087 1.12337 2.0535 2.02404 1.04265 0.595006 1.30815 2.021 2.09735 1.87017 2.00664 2.01533 1.13368 1.53877 1.33522 1.93056 2.08963 1.45019 2.08746 1.03539 2.09252 1.06887 1.05699 1.02129 1.92591 1.36644 2.01963 0.943738 2.01637 0.96379 1.08279 1.957 1.9931 2.04255 0.96023 2.01796 2.04554 1.83325 1.97975 1.74958 1.17701 1.01759 0.977491 2.05068 2.09357 0.920825 2.00172 2.01199 2.0132 1.94061 2.09388 2.09863 1.10775 1.85955 1.2951 2.09467 2.08655 2.01116 2.0889 1.04897 2.0055 2.09111 0.816997 0.767662 1.96749 1.06192 2.08359 1.69947 2.00819 1.99796
