0 0.498922 1.3598 1.10302 1.00844 0.766539 3.0161 2.79204 2.87274 3.034 2.9976 3.00672 3.1666 3.16504 3.14402 3.15099 3.14794 3.1225 3.14027 3.14366 3.14772 3.16338 3.17579 3.1719 3.17304 3.18005 3.17634 3.18866 3.19553 3.19787 3.19772 3.18511 3.18597 3.15639 3.14588 3.15243 3.15789 3.16061 3.15064 3.14623 3.1492 3.15396 3.15634 3.15757 3.15324 3.13866 3.13878 3.13671 3.14986 3.15705 3.15692 3.15513 3.15556 3.15719 3.15409 3.15893 3.15645 3.15629 3.15567 3.1558 3.15273 3.15075 3.14806 3.14289 3.15243 3.15602 3.13273 3.14573 3.15633 3.20051 3.22508 3.22347 3.21807 3.21276 3.2281 3.22426 3.23125 3.21721 3.2267 3.22943 3.22817 3.22975 3.2301 3.22652 3.23145 3.235 3.23695 3.23323 3.23495 3.23527 3.23595 3.2357 3.23234 3.23146 3.23131 3.23022 3.23344 3.23068 3.22957 3.23081 3.23242 3.23327 3.21496 3.2235 3.22047 3.21999 3.17958 3.19034 3.08739 3.08307 3.11343 3.09961 3.1302 3.06492 3.04038 3.08022 3.10683 3.13926 3.14031 1.4497 2.40568 2.26046 2.29074 2.16271 2.27581 2.01836 1.97497 1.80837 1.78435 2.04279 3.03346 3.06802 2.97836 2.87254 2.24 2.50132 2.91255 3.03644 3.08344 2.86449 2.75643 2.82785 3.1437 3.08544 3.01159 3.17803 2.92582 2.90068 2.92582 2.90566 2.86775 2.96307 2.94478 2.99876 2.76479 2.85576 2.75229 2.74523 2.66217 2.45568 2.41363 2.65795 2.69395 2.78814 2.75851 2.75343 2.53064 2.72654 2.66252 2.66579 2.60806 2.79233 2.94205 3.00171 2.67716 2.70786 2.81443 2.96041 2.85981 2.79501 2.43344 2.58169 2.48996 2.42833 2.27828 2.37204 2.15013 2.07572 2.09493 2.0498 2.34211 2.43301 2.06578 2.20272 2.24891 2.48666 2.71523 2.43047 2.53778 2.82143 2.60675 2.51651 2.67705 2.64485 2.60868 2.37481 2.61583 2.54805 2.65967 2.83979 2.68167 2.74097 2.89908 2.6096 2.81323 2.65093 2.83807 2.82631 2.93706 3.05111
0.498922 0 1.22249 0.990532 0.785247 0.693291 2.74602 2.5119 2.61857 2.77313 2.73839 2.74964 2.91018 2.91168 2.88278 2.88733 2.88617 2.8619 2.87975 2.88307 2.88712 2.90968 2.91529 2.9182 2.91245 2.92559 2.91601 2.93459 2.94184 2.94237 2.94168 2.93142 2.93228 2.90349 2.89181 2.89954 2.90403 2.9069 2.89614 2.89329 2.89551 2.89337 2.90265 2.90331 2.89117 2.88573 2.88452 2.88236 2.89175 2.89606 2.89644 2.89716 2.9005 2.90248 2.89881 2.90523 2.90276 2.90259 2.90159 2.90105 2.89741 2.89706 2.89437 2.8892 2.89224 2.89474 2.87181 2.88546 2.88939 2.94003 2.96996 2.96694 2.96272 2.95649 2.97717 2.9693 2.98061 2.96468 2.97301 2.97552 2.97473 2.97401 2.97638 2.97082 2.97633 2.97992 2.98507 2.98176 2.98282 2.98452 2.98403 2.98413 2.9799 2.97835 2.97634 2.97649 2.982 2.97908 2.97756 2.97712 2.97921 2.98033 2.95641 2.97125 2.96266 2.9663 2.91737 2.93054 2.8246 2.81983 2.8496 2.83894 2.86891 2.80195 2.77851 2.81689 2.84564 2.87772 2.87971 1.26302 2.14577 2.03405 2.05532 1.92021 2.01591 1.78755 1.7303 1.53878 1.65911 1.84295 2.77289 2.80708 2.66634 2.6243 2.07751 2.32112 2.73064 2.83097 2.92365 2.63375 2.59212 2.62256 2.88373 2.92552 2.84477 3.03001 2.75153 2.74714 2.76232 2.72799 2.6216 2.7591 2.69654 2.83328 2.60824 2.59807 2.58342 2.48766 2.42649 2.22432 2.20772 2.4112 2.4469 2.52661 2.49156 2.48735 2.26489 2.48562 2.47027 2.48146 2.39233 2.585 2.76862 2.76385 2.47658 2.51547 2.65657 2.72223 2.60252 2.59048 2.19793 2.31057 2.19782 2.2407 2.11448 2.21253 1.95017 1.87248 1.79619 1.88832 2.1073 2.25586 1.89672 1.99028 2.079 2.27486 2.54854 2.27039 2.33816 2.60802 2.36676 2.29243 2.49701 2.46749 2.35656 2.07783 2.4165 2.30158 2.43887 2.57449 2.49602 2.48723 2.63279 2.32477 2.60035 2.44058 2.63803 2.66141 2.67403 2.89228
1.3598 1.22249 0 0.618302 0.930223 0.684274 2.27053 2.03562 2.14446 2.36591 2.33261 2.3853 2.55646 2.55604 2.36546 2.40338 2.46241 2.42761 2.474 2.4353 2.4384 2.54869 2.52673 2.5603 2.55481 2.57118 2.55395 2.57768 2.58595 2.58648 2.58367 2.57553 2.57639 2.53298 2.53461 2.54343 2.54824 2.55117 2.54028 2.53471 2.53704 2.52246 2.54334 2.54781 2.53657 2.52998 2.52913 2.52647 2.53289 2.53805 2.53962 2.54245 2.54481 2.54687 2.53751 2.54935 2.54673 2.54638 2.54637 2.54651 2.54128 2.54153 2.53848 2.53281 2.53212 2.53475 2.49474 2.50452 2.50353 2.57774 2.61543 2.61369 2.60843 2.60061 2.61393 2.60988 2.6231 2.60765 2.61712 2.61879 2.61593 2.61882 2.62041 2.61658 2.62181 2.62348 2.62759 2.62317 2.62537 2.62701 2.62652 2.62664 2.62254 2.62247 2.62167 2.61994 2.62451 2.62141 2.62007 2.62123 2.62332 2.62284 2.59938 2.61059 2.60021 2.60574 2.39015 2.33794 2.11417 2.13729 2.12365 2.02524 2.12786 2.24923 2.14875 2.17256 2.29755 2.25673 2.27195 0.819708 1.50105 1.49568 1.50921 1.21468 1.26275 1.13879 0.935071 0.829156 1.01762 1.34676 2.09176 2.23177 1.91834 1.80343 1.47078 1.7911 1.92361 2.1778 2.42184 2.06436 2.02261 2.03119 2.42841 2.25714 2.38736 2.49301 2.18523 2.08482 2.21648 2.15307 2.00248 2.05818 2.00359 2.05632 1.80978 2.23977 1.95584 1.67825 1.7325 1.34808 1.29719 1.58368 1.68116 1.73959 1.66737 1.76512 1.61952 1.59212 1.53571 1.71985 1.60338 1.85859 1.891 1.88248 1.85808 1.98285 2.08664 2.22732 1.96885 1.91268 1.42679 1.63124 1.62153 1.6935 1.62134 1.40654 1.18049 1.23489 0.898854 0.896015 1.26466 1.31132 0.988788 1.2139 1.173 1.42361 1.6211 1.29275 1.42639 1.72495 1.45999 1.33442 1.49311 1.50467 1.4368 1.23015 1.39046 1.3413 1.45937 1.67848 1.54109 1.57924 1.7496 1.48057 1.66538 1.44982 1.60886 1.63443 1.75279 2.03758
1.10302 0.990532 0.618302 0 0.660291 0.649724 2.31772 2.13804 2.23475 2.41102 2.37932 2.42775 2.60113 2.59873 2.43181 2.4201 2.52196 2.48225 2.51954 2.47994 2.48446 2.58066 2.57027 2.60578 2.59941 2.61396 2.60126 2.62164 2.63056 2.63108 2.62892 2.62013 2.62099 2.58049 2.57915 2.58634 2.59291 2.59553 2.58508 2.5779 2.57913 2.57258 2.58426 2.59259 2.58522 2.57242 2.5738 2.57173 2.57593 2.58308 2.58448 2.58712 2.5895 2.59166 2.58306 2.59395 2.5912 2.59081 2.59069 2.59083 2.58553 2.58577 2.58308 2.57773 2.57672 2.57982 2.53842 2.5475 2.55718 2.6156 2.6601 2.65835 2.6531 2.64521 2.65821 2.65299 2.66505 2.65224 2.66172 2.66368 2.65957 2.66369 2.66503 2.66129 2.66648 2.66809 2.67197 2.66722 2.66997 2.66919 2.67045 2.67072 2.66736 2.66648 2.66633 2.66462 2.66846 2.66552 2.66402 2.66583 2.66744 2.66679 2.64851 2.65439 2.64522 2.64352 2.45998 2.44034 2.36154 2.30311 2.37755 2.36422 2.39978 2.4305 2.30077 2.35232 2.38143 2.41387 2.42348 0.851261 1.66215 1.57449 1.58191 1.3755 1.48555 1.26609 1.28676 1.06047 1.10387 1.32291 2.33735 2.4169 2.23883 2.13451 1.56736 1.87255 2.13724 2.31949 2.45108 2.16618 2.14072 2.1667 2.52544 2.3507 2.48757 2.63471 2.29829 2.234 2.33898 2.34825 2.15264 2.27431 2.24709 2.31408 2.07702 2.31138 2.10121 1.99933 1.84547 1.77151 1.72239 1.92383 1.95841 1.97275 1.9881 1.99964 1.84737 1.98023 1.90968 1.92896 1.88959 1.96347 2.25533 2.25362 2.00919 2.0827 2.1845 2.30054 2.18893 2.11141 1.67278 1.87138 1.76987 1.66751 1.69737 1.67938 1.41195 1.47421 1.35301 1.32435 1.54636 1.70191 1.27043 1.47533 1.526 1.77881 1.95953 1.65557 1.75632 2.048 1.87355 1.79103 1.93758 1.91063 1.85668 1.63309 1.85079 1.79701 1.89607 2.09203 1.96144 1.97717 2.12109 1.86551 2.07512 1.90424 2.09291 2.0936 2.19583 2.3429
1.00844 0.785247 0.930223 0.660291 0 0.539401 2.42549 2.21399 2.2733 2.45983 2.4485 2.50944 2.68087 2.67821 2.54152 2.53577 2.58361 2.54735 2.5988 2.55612 2.56347 2.65991 2.64964 2.68412 2.67867 2.69416 2.67981 2.70097 2.7098 2.71034 2.70817 2.69938 2.70024 2.66004 2.65754 2.66654 2.67216 2.6747 2.66403 2.65825 2.65838 2.6505 2.66351 2.67184 2.66381 2.65278 2.65305 2.65098 2.65299 2.66234 2.6635 2.66636 2.66876 2.67091 2.66012 2.6732 2.67045 2.67006 2.66994 2.67007 2.6649 2.66502 2.66233 2.65629 2.65582 2.65904 2.61773 2.62755 2.63424 2.69483 2.7606 2.73763 2.73234 2.72447 2.76233 2.75539 2.77002 2.75173 2.74481 2.74621 2.76085 2.76356 2.76132 2.75411 2.75882 2.7703 2.77545 2.77094 2.7732 2.77393 2.77417 2.7745 2.77073 2.77039 2.76638 2.76576 2.77237 2.7692 2.76793 2.76497 2.77125 2.77071 2.74848 2.7581 2.73739 2.73381 2.59516 2.56005 2.48332 2.45099 2.49548 2.46958 2.50175 2.51376 2.40879 2.46472 2.49412 2.53131 2.5403 0.978636 1.71622 1.67625 1.64825 1.40916 1.47815 1.34772 1.24614 1.19541 1.38228 1.56493 2.43744 2.49687 2.3257 2.32238 1.76029 2.09381 2.43496 2.52636 2.727 2.32412 2.39397 2.38992 2.58843 2.61606 2.6966 2.85414 2.4913 2.46121 2.55823 2.55727 2.24739 2.44697 2.34952 2.5507 2.31064 2.49061 2.3291 2.09424 2.0851 1.96481 1.95726 2.01867 2.0738 2.08785 2.08898 2.11425 1.89504 2.1166 2.14677 2.15845 2.0619 2.21891 2.48782 2.41806 2.19076 2.2905 2.41178 2.4323 2.26048 2.32903 1.85888 1.91486 1.83328 1.96314 1.81642 1.88819 1.72644 1.64583 1.49459 1.49967 1.70537 1.89727 1.51251 1.56933 1.73307 2.02008 2.23751 1.92112 1.99919 2.24832 1.9754 2.03239 2.16574 2.1552 1.93012 1.72605 2.07901 1.92414 2.04433 2.16088 2.19178 2.07308 2.22625 1.97203 2.32993 2.1359 2.32921 2.35067 2.29993 2.62188
0.766539 0.693291 0.684274 0.649724 0.539401 0 2.56998 2.27984 2.38794 2.62338 2.59207 2.63839 2.80731 2.80725 2.69221 2.7116 2.71762 2.68694 2.73194 2.71898 2.72742 2.80524 2.77772 2.81435 2.80785 2.81368 2.80696 2.82897 2.83891 2.8395 2.83664 2.82854 2.82941 2.77113 2.78782 2.79 2.80111 2.80409 2.79258 2.77905 2.79161 2.77603 2.79848 2.80018 2.79138 2.78035 2.78165 2.77879 2.78231 2.79071 2.79267 2.79429 2.79773 2.79908 2.7901 2.80236 2.79942 2.79894 2.79902 2.79829 2.79411 2.79449 2.7915 2.78576 2.78374 2.7888 2.74201 2.7547 2.7661 2.83397 2.86643 2.86493 2.85856 2.85363 2.85179 2.86586 2.86581 2.86052 2.87014 2.8719 2.86934 2.86981 2.87329 2.86841 2.87309 2.8765 2.88037 2.87591 2.87839 2.87757 2.8789 2.87922 2.8751 2.8722 2.87312 2.87299 2.877 2.87397 2.87256 2.87416 2.87307 2.87534 2.85657 2.8581 2.84086 2.86208 2.7303 2.69374 2.56397 2.58717 2.56561 2.48192 2.5508 2.48536 2.55538 2.57692 2.65412 2.65027 2.67851 1.07049 1.90588 1.78582 1.77693 1.55679 1.61774 1.40703 1.24143 1.18079 1.24575 1.60333 2.37902 2.53373 2.43056 2.23174 1.68984 2.01463 2.31478 2.4545 2.65678 2.3299 2.24376 2.26358 2.66964 2.54824 2.58157 2.68145 2.43046 2.35538 2.43349 2.37776 2.31166 2.34206 2.30414 2.42971 2.16627 2.4769 2.17558 2.09456 2.05739 1.73679 1.69859 2.02979 2.09128 2.1175 2.04126 2.12985 1.93375 2.05609 1.99377 2.11119 2.00037 2.18188 2.26364 2.34395 2.09197 2.22161 2.28888 2.48989 2.27951 2.19503 1.82159 1.9284 1.91247 1.95229 1.81015 1.74723 1.58773 1.38579 1.41812 1.36983 1.75249 1.76339 1.41283 1.51587 1.60145 1.76296 2.06996 1.75358 1.86705 2.16326 1.94133 1.78822 1.99559 2.00493 1.92298 1.70011 1.87361 1.83938 1.94872 2.15086 1.92818 2.05699 2.18159 1.87366 2.14316 1.95716 2.12382 2.11132 2.25255 2.38641
3.0161 2.74602 2.27053 2.31772 2.42549 2.56998 0 0.511542 0.63678 0.832494 0.831646 0.875407 0.97815 0.980536 0.880193 0.876104 0.943353 0.925186 0.959468 0.923392 0.92151 0.92676 0.897554 0.951453 0.952973 0.921729 0.925991 0.873731 0.864149 0.854119 0.85115 0.909604 0.908188 0.94224 0.983865 0.985854 1.00147 1.0026 0.999975 0.993015 1.00313 1 1.01515 1.01967 1.0187 1.00925 1.00906 1.00775 1.00716 1.01015 1.00978 1.0214 1.02277 1.0221 1.02065 1.01786 1.02779 1.02866 1.02817 1.0283 1.023 1.02325 1.01922 1.0154 1.01552 1.01818 0.969748 0.983235 0.994404 0.823545 0.859645 0.853026 0.847651 0.839744 0.837074 0.861737 0.860044 0.853181 0.856258 0.858959 0.864131 0.862697 0.860496 0.856011 0.86101 0.869345 0.874494 0.871078 0.872243 0.871905 0.873216 0.87355 0.869778 0.86944 0.865481 0.865471 0.871421 0.86852 0.866981 0.864016 0.870296 0.86975 0.850908 0.855976 0.830315 0.849548 0.684561 0.667932 1.03295 0.855825 0.846752 0.846318 0.88063 0.877203 0.752431 0.815715 0.833644 0.860845 0.88329 1.74176 1.08967 0.994653 1.0045 1.4752 1.32618 1.48866 1.77745 1.87792 1.90693 1.79547 1.4786 1.09181 1.22679 1.45197 1.85861 1.66884 1.2649 1.30121 1.95523 1.49758 1.81659 1.62899 0.996479 1.44549 1.51641 1.67334 1.47304 1.4577 1.46797 1.46828 1.26063 1.29045 1.18282 1.3964 1.47136 1.54803 1.50704 1.45821 1.12424 1.73548 1.84403 1.40777 1.15168 1.06582 0.976405 1.16298 1.32481 1.24418 1.35827 1.44088 1.41957 1.27223 1.36782 1.2527 1.41769 1.48626 1.51593 1.26969 1.18952 1.31219 1.43055 1.09508 1.02717 1.49808 1.79827 1.56742 1.63192 1.71806 1.86464 2.16695 1.28914 1.51088 1.82812 1.61332 1.66216 1.55033 1.35021 1.70549 1.52851 1.52297 1.54771 1.74393 1.8272 1.7819 1.48613 1.59702 1.67383 1.41773 1.41543 1.33305 1.50054 1.02538 1.10781 1.22352 1.12149 1.27439 1.26331 1.26568 1.20785 1.37598
2.79204 2.5119 2.03562 2.13804 2.21399 2.27984 0.511542 0 0.354865 0.71051 0.677173 0.722712 0.981672 0.928642 0.784327 0.794172 0.789363 0.776456 0.815303 0.796872 0.811872 0.885753 0.859467 0.894869 0.887849 0.89511 0.886981 0.932349 0.959454 0.954239 0.95968 0.931113 0.909415 0.812225 0.889065 0.870184 0.881314 0.883916 0.873551 0.858071 0.871951 0.854662 0.878987 0.880522 0.872643 0.860472 0.862582 0.85997 0.860297 0.871323 0.872906 0.875538 0.877843 0.879718 0.868163 0.88249 0.879199 0.878381 0.879507 0.87964 0.874216 0.874587 0.871761 0.866543 0.865084 0.868993 0.824777 0.834437 0.845878 1.01181 1.09282 1.06073 1.05289 1.0399 1.06556 1.09429 1.09323 1.08397 1.07728 1.07905 1.0962 1.09564 1.09374 1.0867 1.0913 1.10253 1.10764 1.10422 1.10542 1.10534 1.10662 1.10699 1.10296 1.10262 1.09854 1.09843 1.1046 1.10156 1.10016 1.09711 1.10348 1.10293 1.08305 1.08614 1.05722 1.07694 0.967935 0.91528 0.873008 0.71786 0.69632 0.689516 0.736328 0.685177 0.651209 0.695485 0.747167 0.777419 0.787437 1.41766 0.822575 0.739744 0.651328 1.18969 1.03892 1.14756 1.45682 1.59153 1.72429 1.64084 1.31295 0.891858 1.12838 1.38208 1.60125 1.44531 1.37567 1.39736 1.88008 1.29296 1.56463 1.4276 1.04527 1.61111 1.62467 1.76438 1.48095 1.46945 1.48576 1.46126 1.26353 1.4272 1.29712 1.5519 1.45197 1.60251 1.37678 1.28234 0.950232 1.49256 1.60229 1.12714 0.893155 1.0234 1.01663 1.1159 1.25348 1.21299 1.32206 1.42475 1.41636 1.26188 1.50866 1.39013 1.34217 1.41242 1.45109 1.3455 1.17587 1.22858 1.39551 1.01822 0.910911 1.42531 1.74369 1.55601 1.60043 1.61121 1.60693 1.93572 1.23732 1.45099 1.57967 1.4344 1.54434 1.27338 1.31508 1.48513 1.33878 1.4142 1.27635 1.50735 1.5986 1.55477 1.22779 1.33042 1.43332 1.24363 1.26133 1.18256 1.35105 0.810217 0.97343 0.98634 1.23533 1.21942 1.33162 1.346 1.09536 1.52563
2.87274 2.61857 2.14446 2.23475 2.2733 2.38794 0.63678 0.354865 0 0.406259 0.39465 0.449585 0.740898 0.691443 0.533873 0.540637 0.534325 0.497167 0.554401 0.53891 0.55121 0.629216 0.605191 0.624316 0.618838 0.635939 0.624438 0.697228 0.722664 0.717195 0.723313 0.694323 0.671678 0.544541 0.650193 0.621691 0.622889 0.625761 0.603252 0.602785 0.604476 0.584895 0.606442 0.610154 0.598018 0.591312 0.592993 0.590421 0.590628 0.601383 0.603315 0.60398 0.608393 0.609544 0.600119 0.613038 0.610494 0.610182 0.609396 0.608668 0.604487 0.604861 0.602173 0.596139 0.594977 0.599052 0.554325 0.564807 0.576233 0.771526 0.839563 0.821978 0.810776 0.803113 0.829926 0.85395 0.856684 0.847033 0.84024 0.841414 0.857659 0.854016 0.856653 0.848375 0.850955 0.865737 0.87085 0.866801 0.868634 0.868296 0.869579 0.869942 0.865466 0.862288 0.86021 0.861449 0.86781 0.864697 0.86337 0.860324 0.86336 0.866139 0.845527 0.848145 0.820474 0.836472 0.746053 0.688386 0.901412 0.652375 0.541698 0.604882 0.615958 0.442942 0.449143 0.479131 0.495369 0.524655 0.544977 1.48051 0.887825 0.83039 0.744557 1.38601 1.12824 1.26028 1.54003 1.77628 1.89682 1.76087 1.31379 0.858621 1.11583 1.41333 1.72133 1.67348 1.5514 1.56367 1.84036 1.32933 1.62314 1.43124 1.18006 1.75893 1.76613 1.91601 1.67669 1.7069 1.6389 1.66285 1.48693 1.5914 1.47258 1.71006 1.70961 1.62897 1.50886 1.3034 1.19477 1.63855 1.74117 1.2435 0.980751 1.25322 1.26551 1.38935 1.51184 1.4652 1.59667 1.68209 1.67589 1.50608 1.66471 1.564 1.58606 1.62435 1.66234 1.45767 1.34682 1.49778 1.66083 1.29378 1.18367 1.66992 1.94338 1.81218 1.88349 1.87309 1.74756 2.0247 1.51537 1.70583 1.83884 1.66453 1.77696 1.49298 1.58944 1.68968 1.61727 1.4956 1.39425 1.65609 1.70609 1.66142 1.33229 1.46677 1.54956 1.53831 1.50993 1.3839 1.62588 1.06487 1.0138 1.27647 1.43136 1.50119 1.51458 1.51555 1.15231 1.69895
3.034 2.77313 2.36591 2.41102 2.45983 2.62338 0.832494 0.71051 0.406259 0 0.130351 0.189147 0.420945 0.370878 0.244417 0.2221 0.228689 0.193829 0.240415 0.234291 0.248462 0.270485 0.257205 0.269009 0.264576 0.294781 0.275231 0.345536 0.369775 0.365655 0.370162 0.341226 0.318788 0.253933 0.327251 0.306015 0.298436 0.302588 0.270262 0.286429 0.279321 0.260819 0.27018 0.278949 0.277818 0.273519 0.270969 0.269947 0.267613 0.269001 0.268806 0.280686 0.282443 0.282035 0.277603 0.278361 0.287015 0.289444 0.289043 0.289016 0.283996 0.284123 0.280106 0.275401 0.276095 0.278534 0.238163 0.249101 0.255597 0.416138 0.503145 0.471983 0.463205 0.450222 0.50736 0.501367 0.513533 0.494589 0.488463 0.489376 0.505871 0.506105 0.505137 0.49801 0.502715 0.512846 0.51796 0.514902 0.516752 0.518631 0.518278 0.518401 0.514627 0.513686 0.509474 0.508883 0.51492 0.511558 0.510243 0.507434 0.513636 0.513249 0.492957 0.501517 0.483258 0.482539 0.430215 0.451131 0.90219 0.64748 0.55491 0.624245 0.627838 0.350812 0.349406 0.383941 0.208168 0.3341 0.324273 1.63011 1.05598 1.00707 0.918739 1.73956 1.46183 1.46557 1.7768 2.12908 2.22664 2.09583 1.34924 0.798181 1.10642 1.45045 2.04702 1.98467 1.85309 1.72181 1.78249 1.66186 1.83952 1.71749 1.29726 1.93011 2.00757 2.05273 2.01207 2.04727 1.97561 1.99806 1.81341 1.87801 1.74231 1.93282 2.06478 1.6825 1.78277 1.50869 1.53176 1.8878 1.95313 1.46866 1.17766 1.59438 1.55977 1.73063 1.86031 1.80633 1.93725 2.00489 2.01454 1.84001 1.87603 1.76204 1.92099 1.96597 1.97766 1.68633 1.67843 1.83277 2.00671 1.63484 1.52852 1.99666 2.25827 2.15293 2.2246 2.22763 1.96632 2.2209 1.85189 2.06078 2.18904 1.99517 2.13599 1.83313 1.92902 2.02992 1.95881 1.79007 1.61486 1.96268 1.97263 1.88408 1.60332 1.74259 1.86085 1.88671 1.8492 1.71482 1.97 1.42287 1.28579 1.6189 1.72269 1.83696 1.84279 1.83279 1.33351 1.84924
2.9976 2.73839 2.33261 2.37932 2.4485 2.59207 0.831646 0.677173 0.39465 0.130351 0 0.0909731 0.400064 0.351831 0.202079 0.196716 0.21935 0.15245 0.195641 0.185089 0.201091 0.285315 0.266256 0.286047 0.275498 0.310355 0.28993 0.359557 0.380892 0.38212 0.381883 0.352498 0.332519 0.245233 0.308807 0.286287 0.281075 0.284033 0.253027 0.266838 0.259745 0.220399 0.236026 0.24049 0.229105 0.23689 0.237505 0.237835 0.236045 0.233782 0.238827 0.239445 0.238419 0.240102 0.242414 0.249919 0.247176 0.250072 0.249917 0.249555 0.24504 0.245297 0.242447 0.236978 0.236377 0.23924 0.207747 0.208605 0.211832 0.427253 0.513265 0.487536 0.473552 0.463315 0.525179 0.50963 0.52459 0.51088 0.505166 0.505823 0.522652 0.51734 0.521743 0.513706 0.518245 0.529117 0.534022 0.531475 0.533218 0.53526 0.534774 0.534867 0.53055 0.529367 0.525381 0.525422 0.529269 0.527288 0.521459 0.518577 0.524066 0.524305 0.507723 0.517625 0.499197 0.498893 0.434263 0.490007 0.891805 0.639424 0.554404 0.631015 0.633487 0.37519 0.360849 0.373279 0.191435 0.328802 0.307476 1.61282 1.05419 0.976736 0.915239 1.71362 1.45615 1.426 1.75893 2.10265 2.21978 2.09375 1.35343 0.805216 1.10959 1.43481 2.04614 1.99166 1.83398 1.72826 1.79542 1.65209 1.8252 1.69925 1.3104 1.91324 1.98974 2.06941 1.99405 2.02971 1.96984 1.97448 1.79078 1.85711 1.72016 1.92319 2.03802 1.66931 1.79302 1.50165 1.50987 1.85818 1.92611 1.43486 1.13923 1.59231 1.58171 1.7127 1.83139 1.7944 1.92068 2.00083 1.99373 1.81599 1.87281 1.72309 1.9032 1.97349 1.98169 1.69637 1.65976 1.81248 2.00598 1.61178 1.50535 1.97481 2.26355 2.13709 2.1917 2.2209 1.94758 2.22215 1.81762 2.03777 2.16675 1.99044 2.13212 1.81098 1.91354 2.02471 1.9479 1.78142 1.579 1.92929 1.95672 1.84775 1.57487 1.71737 1.84311 1.86447 1.83564 1.70091 1.9479 1.38858 1.26589 1.58769 1.68941 1.81692 1.82627 1.81223 1.3118 1.85601
3.00672 2.74964 2.3853 2.42775 2.50944 2.63839 0.875407 0.722712 0.449585 0.189147 0.0909731 0 0.345104 0.294943 0.224255 0.216561 0.193051 0.148258 0.148216 0.166505 0.159632 0.232565 0.237473 0.22684 0.219552 0.249746 0.232038 0.298967 0.322926 0.320619 0.322992 0.294195 0.27188 0.177776 0.25198 0.228753 0.223296 0.226802 0.195762 0.207899 0.205476 0.161915 0.175051 0.1744 0.160718 0.171034 0.171983 0.173119 0.155972 0.157954 0.161497 0.159825 0.16405 0.166517 0.163211 0.170963 0.167742 0.1712 0.170715 0.170614 0.1656 0.166054 0.163481 0.15794 0.159324 0.163773 0.169817 0.154457 0.163126 0.377657 0.456235 0.427063 0.416374 0.403322 0.463227 0.458273 0.466624 0.449373 0.442988 0.445737 0.463387 0.459195 0.460301 0.453293 0.457674 0.46761 0.472515 0.470869 0.471711 0.47359 0.473267 0.47336 0.469426 0.468644 0.464382 0.464478 0.468011 0.464472 0.462014 0.460612 0.46668 0.466345 0.449624 0.458304 0.438479 0.444086 0.487451 0.55115 0.94338 0.698978 0.610591 0.681681 0.68186 0.420621 0.419573 0.430563 0.245045 0.380063 0.358134 1.64243 1.12273 1.02888 0.980726 1.77102 1.52455 1.49145 1.81659 2.14908 2.27484 2.12965 1.4154 0.851536 1.18283 1.48887 2.09848 2.02038 1.88298 1.78118 1.83418 1.70298 1.83806 1.74482 1.35259 1.97347 2.00954 2.09684 2.04646 2.07286 2.02167 1.99656 1.84805 1.90628 1.77463 1.97298 2.08816 1.69211 1.84053 1.55913 1.56821 1.9052 1.97648 1.48041 1.18406 1.65021 1.6405 1.77825 1.87815 1.85404 1.97954 2.05953 2.04377 1.877 1.9268 1.77081 1.9591 2.02199 2.00171 1.73878 1.70876 1.85893 2.05594 1.6586 1.56239 2.02186 2.29952 2.17971 2.24299 2.27063 1.9933 2.28415 1.88017 2.09657 2.22323 2.04973 2.18331 1.8593 1.96238 2.08153 2.00362 1.8374 1.62364 1.97594 2.00913 1.89887 1.63479 1.76816 1.90192 1.92168 1.90004 1.75404 2.00692 1.44402 1.31882 1.6376 1.73958 1.86948 1.87872 1.86724 1.36318 1.90679
3.1666 2.91018 2.55646 2.60113 2.68087 2.80731 0.97815 0.981672 0.740898 0.420945 0.400064 0.345104 0 0.0639322 0.336542 0.354511 0.243013 0.320893 0.269485 0.302276 0.285878 0.217215 0.22674 0.204483 0.193229 0.205926 0.206446 0.196865 0.183963 0.200644 0.191159 0.164764 0.199031 0.266174 0.10735 0.126357 0.136194 0.132097 0.157168 0.158761 0.155482 0.198519 0.190634 0.183905 0.199704 0.196089 0.193577 0.191479 0.210189 0.204887 0.21063 0.206813 0.202901 0.193927 0.210857 0.211262 0.209837 0.212957 0.211953 0.211227 0.209396 0.207419 0.203621 0.217845 0.215511 0.213835 0.20446 0.240055 0.235774 0.188035 0.266631 0.223151 0.208 0.203262 0.289686 0.247581 0.25437 0.252003 0.242549 0.244431 0.271724 0.254079 0.260409 0.253519 0.254668 0.268425 0.271396 0.270738 0.270592 0.272634 0.272665 0.272241 0.268017 0.263876 0.263583 0.26574 0.266643 0.267731 0.258972 0.254325 0.257771 0.26034 0.272385 0.271115 0.27274 0.264589 0.368066 0.456765 1.04752 0.850934 0.712404 0.757388 0.769875 0.559385 0.576129 0.542698 0.413297 0.516606 0.477569 1.84618 1.3134 1.11303 1.20775 1.94226 1.69448 1.67703 1.98469 2.31857 2.44476 2.29672 1.42758 0.904812 1.2172 1.5647 2.26046 2.18218 2.04998 1.88238 1.85907 1.86055 2.00165 1.9087 1.4132 2.08707 2.16861 2.11741 2.20539 2.23103 2.18623 2.15946 2.02052 2.06887 1.9389 2.1299 2.25617 1.7833 2.00194 1.71616 1.74141 2.07021 2.14235 1.65141 1.38935 1.81634 1.7949 1.94134 2.04671 2.0158 2.14669 2.22705 2.20874 2.04558 2.08988 1.92911 2.12812 2.18293 2.1609 1.88979 1.86928 2.02311 2.21909 1.82306 1.74053 2.19531 2.45936 2.33834 2.41708 2.43568 2.15977 2.44057 2.05369 2.27 2.39644 2.20665 2.33963 2.0239 2.12707 2.249 2.16982 2.00285 1.79485 2.14105 2.16697 2.06992 1.80571 1.93318 2.06268 2.08973 2.05769 1.91766 2.169 1.62342 1.49492 1.80204 1.90454 2.03396 2.04678 2.0266 1.46944 1.89808
3.16504 2.91168 2.55604 2.59873 2.67821 2.80725 0.980536 0.928642 0.691443 0.370878 0.351831 0.294943 0.0639322 0 0.285072 0.305171 0.193812 0.270881 0.218696 0.250973 0.234655 0.165639 0.173955 0.145603 0.136935 0.150109 0.153351 0.137469 0.124067 0.140872 0.134446 0.104877 0.139144 0.21305 0.0477954 0.0707929 0.0765265 0.0715834 0.103238 0.102493 0.101401 0.14728 0.139034 0.124144 0.152614 0.133713 0.13502 0.132671 0.157 0.151873 0.154461 0.152502 0.143549 0.135024 0.158057 0.151375 0.149165 0.152338 0.151937 0.152079 0.149097 0.146746 0.143734 0.162384 0.161934 0.159042 0.15277 0.18706 0.18409 0.207214 0.289703 0.237259 0.227083 0.213479 0.30659 0.266774 0.265344 0.262153 0.25242 0.256186 0.287555 0.270416 0.2704 0.267075 0.267935 0.279054 0.281277 0.282088 0.280473 0.280588 0.28234 0.282122 0.278889 0.280687 0.27602 0.276197 0.276524 0.278195 0.270325 0.264206 0.27433 0.270322 0.290902 0.289801 0.290262 0.283366 0.390995 0.469963 0.99784 0.802217 0.663431 0.705519 0.717595 0.509373 0.526015 0.49251 0.364233 0.465573 0.426266 1.80987 1.26613 1.11464 1.15974 1.94157 1.68537 1.66268 1.98594 2.31566 2.44206 2.29772 1.42454 0.853959 1.20865 1.56516 2.25881 2.17922 2.04694 1.87937 1.85615 1.86107 1.99876 1.90566 1.38857 2.08421 2.16558 2.11437 2.20193 2.2283 2.18319 2.15642 2.01693 2.06677 1.93587 2.12686 2.25333 1.78562 1.99897 1.7147 1.73924 2.06793 2.1405 1.6511 1.35541 1.8138 1.79265 1.94067 2.04367 2.01277 2.1443 2.22405 2.20573 2.04575 2.08722 1.92615 2.12509 2.18327 2.15852 1.88675 1.86625 2.02008 2.21766 1.82002 1.72876 2.19277 2.46039 2.33552 2.41421 2.43264 2.15685 2.44124 2.05115 2.2678 2.39445 2.20452 2.33998 2.02086 2.12425 2.24655 2.16695 2.00078 1.79404 2.13801 2.16424 2.06753 1.80295 1.93026 2.06113 2.08682 2.05721 1.91505 2.16908 1.61377 1.47929 1.79962 1.90108 2.03162 2.04434 2.0263 1.46641 1.89504
3.14402 2.88278 2.36546 2.43181 2.54152 2.69221 0.880193 0.784327 0.533873 0.244417 0.202079 0.224255 0.336542 0.285072 0 0.0778777 0.141521 0.114519 0.140898 0.0885141 0.0871425 0.225181 0.202201 0.221447 0.209064 0.2444 0.22145 0.295414 0.313879 0.315082 0.316393 0.285485 0.265481 0.191983 0.243528 0.23161 0.21427 0.219099 0.197825 0.20184 0.196082 0.160615 0.18176 0.18307 0.176335 0.175713 0.174863 0.173169 0.181679 0.176418 0.182961 0.181906 0.1819 0.182197 0.187516 0.191178 0.188966 0.192087 0.191597 0.191734 0.1863 0.186548 0.183537 0.195993 0.183695 0.181574 0.146458 0.162713 0.156752 0.367705 0.449847 0.421681 0.40803 0.396277 0.46537 0.448462 0.457577 0.447719 0.438128 0.440404 0.465735 0.452134 0.456044 0.451305 0.452405 0.462079 0.466984 0.466433 0.46618 0.468222 0.46775 0.467829 0.464205 0.46356 0.460908 0.461419 0.462231 0.463432 0.454523 0.451565 0.458252 0.457292 0.463793 0.463366 0.447402 0.440956 0.28152 0.34096 0.782392 0.57615 0.417677 0.480592 0.473068 0.337572 0.298908 0.251797 0.099091 0.204442 0.160844 1.78348 1.09381 1.10951 1.0252 1.75402 1.49755 1.53473 1.85841 2.17125 2.33053 2.23667 1.31077 0.781386 1.03562 1.37489 2.18434 2.1365 1.85894 1.74469 1.81014 1.75198 1.97211 1.8325 1.32474 1.91294 2.12311 2.04737 2.08021 2.04043 2.0892 2.0773 1.84948 1.89511 1.77701 1.9391 2.06538 1.76888 1.90393 1.52548 1.5657 1.87988 1.95126 1.46128 1.16512 1.62575 1.6146 1.75455 1.92786 1.82472 1.95625 2.03892 2.02187 1.85865 1.89917 1.74247 2.03861 2.10881 2.12029 1.82713 1.786 1.92968 2.03212 1.66074 1.58185 2.1105 2.40176 2.15219 2.22616 2.32668 1.96868 2.25096 1.8631 2.07974 2.20939 2.02958 2.15192 1.88284 1.93636 2.06252 1.9789 1.81273 1.60376 1.94996 1.97608 1.88194 1.61478 1.7421 1.87298 1.89852 1.86916 1.727 1.98086 1.42572 1.29124 1.61157 1.71271 1.84372 1.85629 1.83825 1.27836 1.70706
3.15099 2.88733 2.40338 2.4201 2.53577 2.7116 0.876104 0.794172 0.540637 0.2221 0.196716 0.216561 0.354511 0.305171 0.0778777 0 0.145795 0.119118 0.140637 0.0877855 0.0923574 0.228105 0.202227 0.219606 0.213135 0.242434 0.22016 0.294178 0.318465 0.314052 0.318481 0.289601 0.267395 0.171969 0.262275 0.241828 0.232541 0.236993 0.207344 0.218773 0.215322 0.172246 0.189164 0.193219 0.188087 0.185316 0.184952 0.186561 0.180212 0.178789 0.179708 0.18901 0.192843 0.193217 0.189332 0.18872 0.197364 0.19985 0.199148 0.198537 0.194247 0.194535 0.19064 0.195721 0.18604 0.189215 0.161955 0.161006 0.164499 0.371264 0.452551 0.419755 0.41147 0.39883 0.456164 0.452799 0.46214 0.44285 0.436475 0.438454 0.456494 0.453157 0.45364 0.445987 0.449543 0.461454 0.46657 0.463993 0.465094 0.466973 0.466619 0.466743 0.462716 0.46144 0.457043 0.457654 0.463527 0.459737 0.458197 0.456095 0.461442 0.461856 0.454537 0.450573 0.433375 0.4371 0.313023 0.369117 0.828216 0.572261 0.450284 0.518557 0.516236 0.350312 0.306287 0.299792 0.126432 0.234314 0.202889 1.77917 1.13314 1.06618 1.02601 1.78925 1.53295 1.52896 1.87944 2.15995 2.32993 2.21934 1.33444 0.773776 1.06355 1.41023 2.1823 2.13938 1.88598 1.76585 1.80551 1.77171 1.96451 1.83812 1.32649 1.93513 2.13106 2.05631 2.08555 2.08013 2.10018 2.10035 1.86956 1.9155 1.80016 1.97969 2.10257 1.76372 1.91045 1.56686 1.55974 1.91685 1.98843 1.50011 1.20193 1.63323 1.63291 1.79073 1.93591 1.86367 1.99052 2.07252 2.05707 1.88441 1.93712 1.77711 2.04705 2.11841 2.11651 1.82833 1.78911 1.93907 2.06818 1.67855 1.59262 2.09131 2.39302 2.18633 2.2337 2.3481 2.00736 2.28972 1.87487 2.1059 2.21484 2.05361 2.18729 1.90479 1.97552 2.09565 2.01595 1.8443 1.64351 1.98858 2.01475 1.91757 1.65379 1.78054 1.90061 1.93344 1.90468 1.76072 2.01776 1.46116 1.32742 1.64993 1.75184 1.88293 1.89055 1.87452 1.31901 1.74836
3.14794 2.88617 2.46241 2.52196 2.58361 2.71762 0.943353 0.789363 0.534325 0.228689 0.21935 0.193051 0.243013 0.193812 0.141521 0.145795 0 0.123117 0.102462 0.10548 0.0995201 0.144758 0.122087 0.144705 0.128583 0.163988 0.145624 0.215858 0.229227 0.23585 0.235298 0.187462 0.186216 0.13387 0.14788 0.139534 0.12116 0.127519 0.113403 0.10627 0.104682 0.106124 0.119494 0.122155 0.131064 0.134487 0.131533 0.130526 0.131524 0.128137 0.135732 0.138866 0.139657 0.131625 0.138604 0.143896 0.147739 0.151186 0.150067 0.149861 0.14421 0.14578 0.141734 0.155088 0.141524 0.140681 0.0973942 0.12329 0.116793 0.27191 0.361431 0.341254 0.326624 0.317029 0.382987 0.358002 0.37009 0.365449 0.358355 0.360699 0.386234 0.371709 0.376357 0.370771 0.372331 0.382813 0.387683 0.386912 0.386915 0.388794 0.388441 0.388574 0.383892 0.383437 0.380268 0.382048 0.382976 0.383501 0.374207 0.370561 0.377152 0.375164 0.384703 0.381729 0.366384 0.361149 0.35497 0.421678 0.900819 0.674195 0.527751 0.576041 0.568978 0.379225 0.379145 0.367157 0.208954 0.314909 0.282172 1.77749 1.18686 1.06624 1.06004 1.85033 1.59239 1.58862 1.89321 2.22481 2.37948 2.25921 1.33891 0.748579 1.10073 1.45168 2.17752 2.1282 1.95616 1.7891 1.79642 1.78159 1.95503 1.83177 1.31395 1.99227 2.121 2.05662 2.10175 2.13619 2.11443 2.11639 1.93864 1.97398 1.84564 2.04341 2.16143 1.76151 1.93886 1.62287 1.64962 1.97543 2.04748 1.5424 1.2763 1.7226 1.69447 1.84297 1.95297 1.92061 2.05273 2.14145 2.11504 1.96414 1.99491 1.83584 2.04464 2.11516 2.10953 1.82161 1.78891 1.9426 2.12625 1.72958 1.63648 2.14269 2.39525 2.24489 2.338 2.35458 2.06589 2.34789 1.97322 2.17513 2.30288 2.11325 2.24736 1.93045 2.03317 2.15524 2.07538 1.91028 1.70073 2.04607 2.0726 1.97642 1.71089 1.83751 1.96764 1.99522 1.96453 1.82268 2.07596 1.51326 1.38775 1.70849 1.79654 1.9406 1.95195 1.93361 1.37579 1.80396
3.1225 2.8619 2.42761 2.48225 2.54735 2.68694 0.925186 0.776456 0.497167 0.193829 0.15245 0.148258 0.320893 0.270881 0.114519 0.119118 0.123117 0 0.0775839 0.0758822 0.0777934 0.199668 0.179741 0.197074 0.191155 0.221925 0.198923 0.271763 0.29656 0.292806 0.298602 0.268152 0.2455 0.152427 0.229404 0.20547 0.198409 0.202618 0.170308 0.18742 0.178369 0.128195 0.1448 0.150271 0.138594 0.146536 0.145773 0.147054 0.133051 0.132609 0.134642 0.139235 0.142139 0.144257 0.139415 0.145575 0.144922 0.147572 0.147345 0.147478 0.142176 0.142599 0.139123 0.133706 0.135919 0.138024 0.123516 0.105499 0.112123 0.343162 0.431342 0.399287 0.389993 0.376933 0.437918 0.428141 0.440244 0.421572 0.415852 0.416869 0.4322 0.433287 0.432399 0.42527 0.429852 0.439789 0.444707 0.442272 0.443889 0.445931 0.445445 0.445539 0.44152 0.440836 0.436839 0.436063 0.441631 0.438553 0.437205 0.434232 0.440507 0.439959 0.420598 0.430087 0.411534 0.409464 0.379358 0.437339 0.853211 0.631181 0.49335 0.565632 0.573022 0.345747 0.360505 0.325773 0.16556 0.280966 0.259068 1.74235 1.13986 1.09283 1.00834 1.80138 1.53811 1.52104 1.85582 2.18753 2.30933 2.19312 1.29863 0.762539 1.08522 1.44675 2.14269 2.09645 1.91578 1.75257 1.77008 1.73995 1.94188 1.80026 1.29462 1.94667 2.09921 2.0289 2.0789 2.10994 2.0646 2.07488 1.87941 1.93895 1.8002 1.99881 2.12281 1.73617 1.88372 1.58684 1.5947 1.9424 2.00826 1.52708 1.23153 1.67471 1.66233 1.79767 1.92046 1.87818 2.00477 2.07803 2.08108 1.90425 1.95068 1.80674 1.99557 2.0687 2.08638 1.79672 1.75765 1.91419 2.09158 1.69761 1.58855 2.07423 2.37037 2.21634 2.28037 2.31301 2.03782 2.30083 1.90942 2.12507 2.25497 2.06555 2.20636 1.89455 1.99529 2.11233 2.02626 1.86202 1.67131 2.01977 2.03363 1.94126 1.66585 1.80617 1.91969 1.94497 1.91386 1.7781 2.03116 1.48096 1.34686 1.67301 1.78172 1.89814 1.90834 1.89118 1.34389 1.79217
3.14027 2.87975 2.474 2.51954 2.5988 2.73194 0.959468 0.815303 0.554401 0.240415 0.195641 0.148216 0.269485 0.218696 0.140898 0.140637 0.102462 0.0775839 0 0.0749136 0.0554243 0.157828 0.133128 0.147885 0.142147 0.171149 0.153167 0.222247 0.247339 0.241809 0.249146 0.218945 0.196293 0.108053 0.177039 0.155799 0.147701 0.150313 0.120322 0.134564 0.129046 0.0828702 0.0995056 0.098465 0.0824073 0.0888518 0.090116 0.0912306 0.0747215 0.0762316 0.0734802 0.0768902 0.0783395 0.0878204 0.0733253 0.0817646 0.0788669 0.0783288 0.078493 0.0786213 0.0755579 0.0774552 0.0813784 0.0666957 0.0679433 0.068972 0.0746775 0.0413651 0.0452099 0.300576 0.382406 0.348538 0.340778 0.327726 0.386994 0.382254 0.391035 0.372308 0.364854 0.366959 0.385667 0.383955 0.381311 0.374256 0.378861 0.390351 0.3955 0.391735 0.393248 0.394946 0.394475 0.394556 0.390777 0.390435 0.386517 0.386041 0.392424 0.38922 0.387983 0.385025 0.391292 0.390753 0.375495 0.382764 0.364691 0.364495 0.407302 0.471814 0.893734 0.674134 0.532937 0.599946 0.596529 0.385861 0.406796 0.372863 0.203767 0.307127 0.269416 1.77596 1.20827 1.12713 1.07974 1.86105 1.60898 1.58301 1.90703 2.23553 2.37056 2.25341 1.34942 0.769328 1.12973 1.49316 2.18789 2.1384 1.96651 1.79887 1.79612 1.78734 1.96659 1.84228 1.33306 2.00438 2.13109 2.06934 2.12385 2.15084 2.1156 2.11841 1.9374 1.98832 1.85738 2.04793 2.17488 1.7581 1.94243 1.63303 1.66052 1.9903 2.0607 1.57153 1.27599 1.73528 1.72858 1.86025 1.96474 1.93426 2.06379 2.14353 2.12639 1.966 2.00885 1.84768 2.0549 2.12453 2.12093 1.82682 1.79926 1.95307 2.13745 1.74167 1.64985 2.13783 2.40483 2.25737 2.33637 2.36713 2.07861 2.35845 1.9707 2.18927 2.31518 2.12562 2.26147 1.9405 2.04354 2.16612 2.086 1.92049 1.71418 2.06061 2.08573 1.98862 1.7244 1.85229 1.98274 2.00843 1.97672 1.83676 2.08865 1.53522 1.39883 1.72135 1.82386 1.9515 1.96576 1.94787 1.38597 1.82263
3.14366 2.88307 2.4353 2.47994 2.55612 2.71898 0.923392 0.796872 0.53891 0.234291 0.185089 0.166505 0.302276 0.250973 0.0885141 0.0877855 0.10548 0.0758822 0.0749136 0 0.0362308 0.189592 0.164004 0.180877 0.174226 0.205233 0.186147 0.256917 0.279614 0.27594 0.280224 0.25122 0.228567 0.133758 0.208136 0.196883 0.180004 0.184803 0.163181 0.165485 0.160809 0.112854 0.131269 0.130445 0.118118 0.125813 0.126909 0.127521 0.115322 0.116497 0.12091 0.120574 0.124783 0.125372 0.118102 0.128947 0.124478 0.126945 0.126956 0.127093 0.122257 0.122069 0.11963 0.131351 0.117839 0.116619 0.110975 0.0992858 0.0929536 0.331878 0.415582 0.382688 0.373765 0.360004 0.422551 0.41412 0.423311 0.408576 0.398985 0.400493 0.425658 0.416279 0.416894 0.412138 0.413262 0.422936 0.427841 0.42666 0.427037 0.429079 0.428592 0.428686 0.424811 0.424417 0.421765 0.42201 0.424699 0.424835 0.420258 0.417299 0.423987 0.423027 0.425262 0.422094 0.406099 0.400806 0.363692 0.410445 0.850789 0.626743 0.480892 0.552396 0.545613 0.368352 0.355266 0.322481 0.1573 0.267272 0.209436 1.77461 1.1621 1.10297 1.0539 1.82217 1.55369 1.5535 1.88007 2.2007 2.36481 2.24694 1.33515 0.7644 1.0795 1.43954 2.18183 2.13859 1.92973 1.77388 1.79653 1.77956 1.96452 1.83557 1.3221 1.96603 2.13043 2.06018 2.09049 2.1123 2.10764 2.10769 1.90052 1.94709 1.82046 2.01087 2.1344 1.76189 1.92798 1.58598 1.61838 1.94882 2.0208 1.53013 1.23593 1.68822 1.67863 1.81799 1.94219 1.8853 2.02141 2.10596 2.0869 1.92077 1.96867 1.80637 2.04626 2.11767 2.11958 1.82461 1.78849 1.9443 2.10032 1.70462 1.60794 2.12397 2.4021 2.21958 2.29623 2.35617 2.03177 2.31928 1.92273 2.14489 2.2748 2.08484 2.22093 1.91268 2.00829 2.1265 2.04798 1.88017 1.67459 2.01551 2.04449 1.94607 1.67912 1.80853 1.92964 1.96613 1.93338 1.79407 2.04733 1.48878 1.35981 1.68289 1.78 1.9151 1.92646 1.90718 1.34976 1.77862
3.14772 2.88712 2.4384 2.48446 2.56347 2.72742 0.92151 0.811872 0.55121 0.248462 0.201091 0.159632 0.285878 0.234655 0.0871425 0.0923574 0.0995201 0.0777934 0.0554243 0.0362308 0 0.174279 0.148684 0.164245 0.158243 0.187197 0.166586 0.239202 0.263295 0.257764 0.265386 0.234901 0.212248 0.118379 0.193217 0.178159 0.163665 0.166515 0.14465 0.151254 0.145497 0.0964145 0.116226 0.114422 0.104249 0.105111 0.106678 0.1071 0.099704 0.100704 0.102423 0.10477 0.107109 0.110025 0.104389 0.111502 0.109029 0.108864 0.108295 0.108432 0.103082 0.103325 0.100803 0.11053 0.0981824 0.0989469 0.0897152 0.0769921 0.075037 0.317121 0.399183 0.36468 0.357366 0.343682 0.405815 0.398728 0.406993 0.389216 0.38081 0.383236 0.40668 0.400349 0.397458 0.391729 0.395007 0.406307 0.411456 0.408251 0.409204 0.410904 0.410418 0.410511 0.406557 0.406766 0.402524 0.402706 0.40838 0.406269 0.403939 0.400981 0.407588 0.406708 0.405975 0.405266 0.387638 0.382421 0.359925 0.419558 0.854508 0.638229 0.491061 0.553816 0.546502 0.377414 0.368495 0.334248 0.166592 0.269867 0.216916 1.7881 1.171 1.12349 1.06677 1.82569 1.57239 1.57103 1.89428 2.20717 2.36686 2.25422 1.34637 0.774251 1.0939 1.45448 2.19253 2.1477 1.93101 1.78101 1.80706 1.78517 1.97571 1.84431 1.33492 1.96903 2.13794 2.06448 2.09791 2.1132 2.11363 2.11301 1.90255 1.95115 1.82049 2.01192 2.13784 1.77176 1.93926 1.59805 1.624 1.95287 2.02397 1.53435 1.2385 1.69774 1.69122 1.82494 1.94897 1.89679 2.02824 2.10922 2.0901 1.93022 1.97224 1.81068 2.05557 2.12653 2.1297 1.83542 1.79716 1.95139 2.10264 1.70537 1.61397 2.13273 2.41136 2.22063 2.29861 2.36268 2.04076 2.32342 1.93518 2.15181 2.27953 2.08874 2.22463 1.91896 2.00941 2.13085 2.05126 1.88504 1.67583 2.02211 2.04825 1.95179 1.68685 1.81416 1.9453 1.97074 1.94123 1.79914 2.05368 1.498 1.36327 1.68444 1.786 1.9171 1.92872 1.91064 1.35062 1.77923
3.16338 2.90968 2.54869 2.58066 2.65991 2.80524 0.92676 0.885753 0.629216 0.270485 0.285315 0.232565 0.217215 0.165639 0.225181 0.228105 0.144758 0.199668 0.157828 0.189592 0.174279 0 0.0464918 0.055866 0.0601984 0.0495933 0.0476271 0.0969222 0.114556 0.117487 0.118495 0.0848799 0.0648969 0.132613 0.124023 0.112816 0.100333 0.104467 0.111215 0.100692 0.0935779 0.118365 0.102587 0.118454 0.121574 0.116636 0.114953 0.1134 0.12489 0.119886 0.124602 0.125406 0.125056 0.122306 0.128175 0.122496 0.130192 0.133736 0.133673 0.133587 0.130684 0.128307 0.12426 0.13953 0.135822 0.135015 0.111557 0.142572 0.138343 0.161306 0.256668 0.221827 0.209497 0.198656 0.267915 0.241783 0.258143 0.247451 0.237379 0.2398 0.261936 0.253767 0.25559 0.251892 0.252468 0.263936 0.2664 0.26494 0.265596 0.267645 0.267786 0.267246 0.264385 0.264504 0.260572 0.260882 0.261648 0.261883 0.254206 0.251297 0.258794 0.258756 0.266444 0.262443 0.255017 0.226124 0.356763 0.411111 0.969923 0.748291 0.600999 0.664926 0.661322 0.432671 0.454296 0.440852 0.297466 0.402118 0.365891 1.79792 1.26028 1.15582 1.11168 1.93024 1.67124 1.64703 1.98089 2.31046 2.42854 2.28304 1.41765 0.825017 1.20117 1.55739 2.24956 2.17158 2.04044 1.87344 1.85081 1.85487 1.99313 1.89964 1.38559 2.07608 2.16444 2.11338 2.19917 2.22748 2.1763 2.1548 2.00765 2.06372 1.92731 2.12338 2.24941 1.77859 1.98426 1.70958 1.72803 2.06352 2.13468 1.64652 1.34743 1.80386 1.72842 1.92859 2.0395 2.00643 2.13437 2.21091 2.20272 2.02782 2.07829 1.92447 2.11244 2.17342 2.15288 1.88136 1.86034 2.01444 2.21123 1.81732 1.71595 2.18119 2.45696 2.33431 2.40798 2.4281 2.15591 2.42933 2.03939 2.25871 2.38437 2.19245 2.33562 2.01502 2.1178 2.23882 2.15752 1.98969 1.79051 2.1372 2.16014 2.06463 1.79337 1.92674 2.05287 2.08027 2.04765 1.90575 2.16073 1.60917 1.47256 1.79396 1.90034 2.02363 2.03754 2.02003 1.46389 1.89338
