0 1.47453 0.275928 1.13282 0.0225801 1.15441 0.951954 1.17789 0.0249869 0.880511 1.08916 1.30357 0.0285311 2.23013 1.18243 1.19918 1.42845 0.00661095 1.31199 1.29619 0.199779 1.4304 0.290811 1.53238 1.48908 0.519169 0.0364967 1.3632 1.22313 0.0243709 1.29131 1.5882 1.13573 0.139812 0.117268 1.99245 0.0247743 0.0328523 0.00591087 1.09583 0.998408 0.0384032 0.0199788 1.17553 0.153195 0.0334833 0.0119239 0.0628663 0.469829 1.4967 0.0102135 1.43729 0.0250087 0.0945676 1.28431 0.00485071 0.0180345 0.00776287 1.46283 0.00751806 0.0154825 0.0987578 0.0261379 0.0235116 0.00688962 0.0263116 1.22741 1.64814 1.48543 0.0255311 0.421155 1.6074 0.586989 0.878201 1.38646 0.0300301 0.441953 0.00681439 1.02806 1.0094 0.933744 1.12446 1.17582 0.0425323 0.0243559 0.0111273 0.00528869 1.12263 1.02727 1.23923 1.14279 1.08543 0.0338451 1.15856 1.46543 0.0187166 0.00681681 2.31611 0.501164 1.6028 0.00469892 1.3173 1.19689 1.4376 0.0152879 0.0309898 2.01169 0.0223891 1.50394 0.0059025 2.58451 0.00602473 0.0250923 0.0308934 0.698216 0.0247061 0.00631994 0.707631 1.34869 1.62715 0.0243283 0.14353 1.23512 0.595669 1.24459 0.0233199 1.35906 0.00748951 0.014216 1.3625 1.25051 1.17618 0.0235852 1.0552 1.24299 1.29725 0.192553 1.11409 0.0246643 0.0229747 1.24201 1.15935 0.00725314 1.45563 0.68939 1.32278 1.55402 1.50296 1.61208 1.399 0.475126 1.32568 0.011561 0.0103337 0.977729 1.55596 1.18138 0.0141208 0.00695555 0.232932 0.0284978 0.0186241 1.34147 1.23811 1.12632 0.0869359 0.0053853 0.812214 0.00678984 1.12119 0.0087069 1.14582 1.45963 1.36518 0.143214 0.983167 2.08795 1.32644 0.0240122 1.27109 1.08299 0.0471472 0.0445462 0.0134319 1.26371 0.0196174 0.022634 0.203281 0.0491994 0.305416 1.6604 1.28815 1.52169 0.0118481 0.0068708 1.00786 0.0169554 0.0253822 0.0252147 0.0809335 0.00671327 0.00680987 1.53748 0.192983 1.80394 0.00756137 0.00752455 0.029122 0.00414124 1.52366 0.0252935 0.00673569 1.37028 1.54837 0.0549587 1.35316 0.0106836 0.300412 0.025089 0.0338064
1.47453 0 1.20173 1.19005 1.45522 1.32813 1.14748 1.32455 1.45307 1.10401 0.444133 0.582097 1.44955 1.66776 1.31597 0.46101 0.513337 1.47421 1.08621 0.940067 1.27855 0.738055 1.19894 1.2978 0.981904 1.01215 1.45107 1.15356 1.07353 1.45448 1.12303 0.764669 0.98418 1.35519 1.36327 1.26554 1.45462 1.46655 1.47988 0.573552 0.553297 1.4401 1.45737 1.31632 1.32573 1.47958 1.47299 1.41566 1.03637 0.671434 1.47609 0.293375 1.45291 1.38347 0.263249 1.47735 1.4693 1.48161 0.855697 1.48102 1.46862 1.38153 1.45407 1.45978 1.48096 1.49265 1.2238 1.06957 0.566279 1.45224 1.07115 0.981358 1.24264 1.14861 0.942502 1.45217 1.06258 1.48084 1.0452 0.844683 1.01766 1.52094 0.936874 1.46064 1.45414 1.46947 1.47367 0.935157 0.702581 0.9 1.08122 1.09673 1.44492 1.19148 0.541719 1.46021 1.48084 2.0401 1.06915 1.10151 1.47882 0.964141 0.846719 0.974773 1.46534 1.4479 1.57592 1.457 1.18737 1.47825 2.29604 1.48004 1.45582 1.44719 1.47103 1.45438 1.47904 1.43794 0.394773 1.2078 1.45449 1.33302 0.592116 0.912563 0.397517 1.45565 0.488743 1.48004 1.46397 0.578329 0.754433 0.833059 1.45725 1.63963 0.706135 1.13169 1.29151 1.17064 1.45374 1.45364 1.08607 0.840796 1.47804 1.47745 0.801391 0.394844 0.3787 0.958615 1.05698 0.358724 1.00282 0.331233 1.4678 1.46824 0.758592 0.607387 0.540301 1.46677 1.48047 1.24813 1.44931 1.46094 0.882697 1.57857 1.11977 1.39366 1.47812 0.906457 1.48083 0.921191 1.48272 1.11325 0.400679 0.716964 1.34146 0.61181 1.68871 0.584844 1.45566 0.90435 0.756515 1.42987 1.4337 1.46705 0.985424 1.46293 1.46058 1.29349 1.43187 1.18845 0.702313 1.05255 0.579764 1.46638 1.47888 0.649968 1.46192 1.45417 1.45505 1.40418 1.4797 1.48088 0.648383 1.30235 0.771984 1.48008 1.4778 1.45281 1.47824 0.374761 1.45535 1.48031 0.253198 0.359525 1.42271 0.839014 1.47505 1.19292 1.45504 1.44313
0.275928 1.20173 0 0.983494 0.255284 1.01745 0.86149 1.06889 0.254142 0.780521 0.815212 1.0309 0.249145 2.09818 1.09543 1.00721 1.15461 0.275021 1.23215 1.19422 0.112926 1.2811 0.0553234 1.46951 1.35648 0.255955 0.252632 1.32543 1.08972 0.254231 1.21965 1.32167 1.05765 0.16593 0.188799 1.76673 0.254929 0.266252 0.279998 0.889385 0.735873 0.242513 0.257591 1.08507 0.275683 0.281901 0.273318 0.257686 0.212231 1.32251 0.275843 1.16365 0.253076 0.184353 1.01035 0.277172 0.270445 0.28079 1.24463 0.280675 0.269488 0.187114 0.254179 0.271866 0.28068 0.2917 1.05733 1.522 1.21174 0.252 0.153382 1.34727 0.576408 0.808672 1.21105 0.253596 0.366229 0.280515 0.924601 0.769622 0.727682 1.11095 0.99381 0.260014 0.254575 0.269071 0.273273 0.848878 0.76138 1.14841 0.973273 0.934607 0.245914 0.92513 1.19091 0.259986 0.280517 2.28648 0.419048 1.52185 0.278431 1.08409 1.0083 1.38459 0.264931 0.251126 1.86939 0.256742 1.44092 0.27908 2.55806 0.279743 0.2563 0.247257 0.763618 0.254521 0.278767 0.737726 1.07445 1.51869 0.25507 0.14141 0.961305 0.501559 0.971351 0.255554 1.10639 0.279725 0.264507 1.0887 0.976768 1.0198 0.257835 1.05615 1.00117 1.22955 0.244617 1.06465 0.253449 0.254598 1.14466 1.00384 0.277761 1.42313 0.428911 1.04816 1.27948 1.34346 1.48701 1.12434 0.226202 1.06303 0.26746 0.269458 0.794069 1.28151 0.91813 0.266532 0.280189 0.0504948 0.248921 0.260633 1.08141 1.22549 0.972945 0.218019 0.278306 0.549072 0.27998 0.995539 0.281716 1.03293 1.19445 1.0906 0.146133 0.730616 1.97434 1.05185 0.255209 1.02449 0.882614 0.230532 0.234054 0.266639 1.18185 0.262067 0.261709 0.235389 0.231888 0.0957778 1.3867 1.2386 1.25802 0.265949 0.279636 0.733625 0.261481 0.255006 0.255359 0.207009 0.279419 0.2806 1.26416 0.136344 1.54166 0.279479 0.278498 0.253432 0.27893 1.24944 0.255406 0.279924 1.09691 1.27522 0.223126 1.07886 0.275615 0.195451 0.255183 0.243583
1.13282 1.19005 0.983494 0 1.1127 0.342731 1.2562 0.252639 1.11003 1.16562 0.864706 0.846468 1.10652 2.26524 0.24632 0.970918 1.42339 1.1314 0.803862 0.696035 0.965147 1.27679 0.954931 0.824005 1.5557 0.984616 1.10565 1.46586 1.4017 1.11144 0.506626 1.57314 0.568995 1.01222 1.02644 1.98443 1.1116 1.12372 1.13686 0.733608 1.21585 1.09715 1.1146 0.2664 0.984782 1.13683 1.12941 1.0724 0.932237 1.2658 1.13305 1.34242 1.1099 1.04035 1.04588 1.13419 1.12457 1.13853 0.95872 1.13859 1.12531 1.03997 1.11103 1.11674 1.13792 1.14974 0.212109 1.53186 1.44884 1.10916 0.965934 1.05914 1.12492 1.16704 1.29532 1.11064 0.791464 1.13792 0.48893 1.06855 1.17269 0.356743 0.421292 1.11759 1.1111 1.12643 1.13074 0.407646 1.0368 0.66562 0.728935 0.164209 1.10196 0.16806 1.2208 1.1173 1.13792 2.54819 0.64368 1.52309 1.13578 0.291373 1.16536 1.29909 1.12229 1.10621 2.1171 1.11398 1.35263 1.13556 2.80841 1.13711 1.11196 1.1044 0.710712 1.11129 1.13601 0.43257 1.2516 1.347 1.11148 1.0011 0.65095 0.7248 1.21431 1.11261 0.976333 1.137 1.12181 0.923517 0.600081 0.466127 1.11427 0.478973 0.83322 1.31465 0.954544 0.701735 1.11072 1.11093 1.23892 0.639932 1.135 1.761 1.14542 0.891955 1.17726 0.808296 1.02312 1.09563 0.962298 1.38182 1.12476 1.12615 0.752865 1.34248 1.2864 1.12382 1.13743 1.00603 1.10627 1.11789 0.572822 1.67543 0.191147 1.05088 1.13503 1.13926 1.13779 0.700864 1.13968 0.900837 1.43751 1.0211 1.01939 1.17331 2.2148 0.738159 1.11262 0.770052 0.555501 1.08683 1.09143 1.1241 0.482588 1.11989 1.11586 0.953265 1.08896 0.920006 1.45351 0.585779 1.50003 1.12332 1.13612 0.967977 1.11897 1.11159 1.11233 1.06302 1.13666 1.13784 1.24911 0.96764 1.79338 1.13689 1.13505 1.10867 1.13548 1.45615 1.11231 1.13726 1.0805 1.47357 1.07966 0.594634 1.13156 0.96011 1.11199 1.10008
0.0225801 1.45522 0.255284 1.1127 0 1.13218 0.929879 1.15603 0.00577019 0.861939 1.06843 1.28398 0.00698114 2.21016 1.16037 1.17787 1.4066 0.023389 1.28976 1.27414 0.180017 1.40834 0.269503 1.51228 1.46896 0.498583 0.0226613 1.34304 1.20234 0.0101848 1.27081 1.56649 1.11367 0.119585 0.0949482 1.9702 0.0126794 0.0179502 0.0258323 1.07407 0.976797 0.0164893 0.0112426 1.15709 0.133424 0.0513368 0.0287167 0.0474432 0.447995 1.47566 0.0286128 1.41673 0.010184 0.0727147 1.26254 0.0233813 0.0348778 0.0266347 1.44209 0.0279976 0.0327247 0.0762063 0.0131709 0.0400888 0.0258733 0.0417638 1.20605 1.62608 1.46367 0.014631 0.401239 1.58564 0.564873 0.859247 1.36595 0.0159915 0.421979 0.025777 1.00583 0.987325 0.911858 1.10685 1.15494 0.0262836 0.0125277 0.0142923 0.0185489 1.10087 1.0053 1.21699 1.12103 1.06367 0.0150076 1.13632 1.44336 0.0058192 0.0257797 2.29818 0.488913 1.58153 0.0236916 1.29545 1.17637 1.41666 0.0101426 0.013736 1.98945 0.0100777 1.48446 0.0255078 2.56875 0.0249843 0.00979137 0.00896055 0.68525 0.0123256 0.0239609 0.685829 1.32712 1.60491 0.0126063 0.123219 1.21336 0.573653 1.22282 0.0117962 1.33699 0.0264845 0.012234 1.34043 1.22875 1.15584 0.0359912 1.03344 1.22122 1.27519 0.17142 1.09186 0.0114538 0.0106993 1.22191 1.13759 0.0263554 1.43818 0.668807 1.30107 1.53279 1.48072 1.59023 1.37722 0.454218 1.30392 0.0126551 0.0195757 0.955492 1.53397 1.15952 0.0148725 0.0255788 0.211006 0.00729206 0.00775675 1.31924 1.21605 1.10407 0.0664598 0.0258584 0.79112 0.0257293 1.09928 0.0275972 1.12376 1.43805 1.34294 0.148915 0.961289 2.06623 1.30495 0.0115585 1.24902 1.06124 0.0263969 0.0242984 0.0118694 1.24148 0.00925968 0.0263568 0.181396 0.0273028 0.283583 1.63942 1.26824 1.49946 0.0129083 0.025945 0.986382 0.0100478 0.0119704 0.0118253 0.0587134 0.024613 0.0257936 1.51746 0.189028 1.78328 0.0258906 0.0252417 0.0138125 0.0250002 1.50189 0.0123257 0.0251842 1.34988 1.52676 0.033121 1.33109 0.028581 0.278581 0.0123732 0.0134522
1.15441 1.32813 1.01745 0.342731 1.13218 0 1.00153 0.491603 1.12994 1.27056 1.04662 1.01608 1.12688 2.42835 0.461353 1.15108 1.59426 1.15302 0.851159 0.834101 0.986309 1.1786 0.993175 0.932744 1.73172 1.03519 1.12835 1.31919 1.51245 1.13136 0.445518 1.75977 0.522314 1.03497 1.04176 2.13577 1.13219 1.14466 1.15761 0.899379 1.22876 1.117 1.13587 0.527603 1.05083 1.15806 1.15027 1.09386 0.998577 1.39894 1.15296 1.50805 1.13106 1.06037 1.2246 1.15482 1.14658 1.15861 0.927793 1.15982 1.14715 1.06003 1.13094 1.13701 1.15783 1.16965 0.473652 1.67451 1.62781 1.12914 1.02389 1.16495 0.95822 1.30184 1.26197 1.13212 0.954119 1.15782 0.556033 1.10712 1.2885 0.577994 0.479316 1.1375 1.13202 1.14634 1.15065 0.500953 1.20027 0.567483 0.751851 0.351274 1.12193 0.341189 1.08449 1.13739 1.15782 2.65766 0.783444 1.40757 1.15569 0.448001 1.32571 1.14997 1.1422 1.12488 2.09081 1.13451 1.42318 1.15718 2.90943 1.15702 1.1331 1.12418 0.772258 1.13192 1.15592 0.449324 1.24146 1.44172 1.13238 1.02234 0.829177 0.902468 1.38854 1.13273 1.08583 1.15691 1.14084 0.825363 0.673962 0.609535 1.13417 0.587311 0.983262 1.18374 1.01395 0.492823 1.13098 1.1326 1.07366 0.823099 1.15491 1.87826 1.13579 1.06964 1.34562 0.964652 1.16972 1.27841 1.03119 1.55251 1.14467 1.14773 0.850419 1.23671 1.41219 1.14373 1.15734 1.03229 1.12618 1.13825 0.652081 1.34356 0.350911 1.07183 1.15627 1.1657 1.1577 0.845154 1.15958 0.612751 1.61546 1.12677 1.03966 1.29401 2.29366 0.877846 1.13299 0.628952 0.680856 1.10783 1.11107 1.14402 0.528575 1.1398 1.13788 1.01449 1.10887 0.951366 1.56371 0.448711 1.67184 1.14325 1.15749 0.937107 1.13893 1.13127 1.13192 1.0818 1.15657 1.15775 1.37409 0.993972 1.88794 1.15716 1.15628 1.13009 1.15672 1.63073 1.13222 1.15717 1.2382 1.64422 1.09957 0.757795 1.15365 1.01111 1.13213 1.12093
0.951954 1.14748 0.86149 1.2562 0.929879 1.00153 0 1.45355 0.92747 1.13274 0.945299 0.934303 0.924347 2.00008 1.41254 0.840184 1.06448 0.950559 1.34569 1.16449 0.840362 0.77378 0.836886 1.63715 1.14522 0.904159 0.925292 0.615285 1.24876 0.928889 1.2375 1.25467 0.823094 0.870014 0.843791 1.67846 0.929719 0.942191 0.955125 0.96739 0.929176 0.91461 0.933419 1.44872 0.939872 0.956923 0.947352 0.896268 0.800434 1.27712 0.950524 1.05426 0.928592 0.882484 1.04638 0.952365 0.94355 0.956034 1.17231 0.957379 0.944105 0.877676 0.92847 0.9344 0.95539 0.967211 1.44083 1.28476 1.2433 0.926615 0.850106 1.57532 0.486183 1.16584 1.07623 0.929439 0.915108 0.955382 1.1048 0.669992 1.16331 1.51864 1.1665 0.935078 0.929555 0.943869 0.948179 1.08908 0.790522 0.805479 0.901596 1.14243 0.919467 1.31948 0.956351 0.934775 0.955385 2.29949 1.05638 0.875124 0.953236 1.39977 1.07314 0.730922 0.939735 0.922528 1.78858 0.93199 1.50017 0.954737 2.56956 0.954578 0.930043 0.921838 1.21255 0.929358 0.953478 1.18201 1.02252 1.55467 0.929907 0.858506 1.08989 0.968667 0.868206 0.930052 0.9105 0.954467 0.938372 0.85422 1.1831 1.0296 0.931757 1.43076 0.930515 0.535394 0.901769 0.74893 0.928513 0.930128 0.523256 1.14892 0.952472 1.58154 0.932257 0.974754 1.31004 1.27972 1.50554 1.09083 0.831364 1.04227 0.942206 0.94526 1.05603 0.995532 1.03057 0.941267 0.9549 0.874095 0.923708 0.935785 1.34839 0.645561 1.28868 0.872302 0.953824 0.707496 0.955252 1.19479 0.957141 0.450287 1.12291 1.30176 0.876847 1.00417 1.95675 1.1214 0.930519 0.683921 1.03008 0.905357 0.90858 0.941546 1.15878 0.93733 0.934823 0.884818 0.906398 0.835171 1.42167 0.970285 1.29673 0.940781 0.955049 0.654843 0.936457 0.928569 0.929452 0.882151 0.95413 0.955311 1.3142 0.838488 1.46787 0.954472 0.953842 0.927032 0.954274 1.14475 0.929747 0.954728 0.986636 1.17216 0.897104 1.34114 0.950625 0.803946 0.929658 0.918529
1.17789 1.32455 1.06889 0.252639 1.15603 0.491603 1.45355 0 1.15349 1.22108 1.01063 1.04733 1.15035 2.37736 0.115398 1.12517 1.56242 1.17657 0.840793 0.787483 1.04576 1.39848 1.04648 0.854411 1.68147 1.14023 1.15023 1.52934 1.47305 1.15491 0.54133 1.72739 0.669485 1.0784 1.0711 2.11884 1.15574 1.16821 1.18112 0.876762 1.41374 1.14077 1.15943 0.1202 1.03618 1.18161 1.17313 1.11591 1.13278 1.36971 1.17651 1.47946 1.15461 1.09101 1.21842 1.17803 1.16851 1.18196 1.07495 1.18338 1.16988 1.0863 1.15449 1.1602 1.18138 1.19072 0.116676 1.64287 1.59558 1.15262 1.11056 1.14113 1.29457 1.23177 1.4003 1.15349 0.787058 1.18108 0.570428 1.30288 1.25028 0.229642 0.503832 1.16105 1.15558 1.16989 1.17383 0.644584 1.19284 0.776075 0.94664 0.400755 1.14459 0.340316 1.32781 1.16062 1.1811 2.57575 0.719598 1.6034 1.17924 0.397475 1.30514 1.3494 1.16576 1.14891 2.17022 1.15801 1.38436 1.18048 2.8342 1.18045 1.15568 1.14747 0.660368 1.15538 1.17947 0.477381 1.40806 1.41005 1.15593 1.08127 0.801872 0.711097 1.36274 1.15607 1.12613 1.18046 1.16511 1.05877 0.792706 0.599308 1.15767 0.361885 1.04729 1.41796 1.00376 0.787638 1.15453 1.15615 1.31801 0.779612 1.17846 1.79714 1.31971 1.0881 1.32081 0.937169 1.11001 1.24705 1.15919 1.52217 1.16822 1.17128 0.83244 1.4787 1.37938 1.16654 1.18089 1.09112 1.14973 1.16181 0.647035 1.77697 0.261158 1.09278 1.17982 1.33889 1.18125 0.801314 1.18314 1.05742 1.58791 1.11752 1.09913 1.25964 2.26501 0.874721 1.15654 0.948264 0.680902 1.13138 1.13381 1.16747 0.572319 1.16335 1.15979 0.995713 1.129 1.00532 1.55763 0.656175 1.6468 1.16681 1.18104 1.20376 1.16201 1.15498 1.15576 1.10617 1.18012 1.1813 1.35357 1.06304 1.93155 1.18035 1.17983 1.1524 1.18027 1.59868 1.15577 1.18073 1.22309 1.61661 1.12312 0.715241 1.17506 1.04135 1.15568 1.14448
0.0249869 1.45307 0.254142 1.11003 0.00577019 1.12994 0.92747 1.15349 0 0.859391 1.06619 1.28127 0.0103261 2.20775 1.15796 1.17524 1.40398 0.0239979 1.28752 1.2717 0.177934 1.40593 0.266783 1.50966 1.46642 0.49693 0.0224974 1.34222 1.20001 0.0140447 1.26857 1.56373 1.11176 0.11696 0.0927074 1.96805 0.0168157 0.0201676 0.0281848 1.07136 0.973933 0.0134506 0.0133223 1.1536 0.132802 0.0493755 0.0283196 0.0483412 0.445282 1.47303 0.0308936 1.41402 0.0141378 0.0707167 1.25983 0.0258708 0.0343475 0.0290528 1.43968 0.0303501 0.032058 0.0760405 0.0173393 0.0403028 0.0282259 0.0406076 1.20319 1.62367 1.46096 0.0168795 0.398458 1.58293 0.562513 0.856922 1.36371 0.0177744 0.419344 0.0282179 1.00359 0.984917 0.909231 1.10328 1.1527 0.0285184 0.0166973 0.0166056 0.0209729 1.09817 1.00306 1.21559 1.11831 1.06096 0.0160211 1.13408 1.44095 0.00958163 0.0282206 2.2983 0.48511 1.57978 0.0259227 1.29282 1.17413 1.41339 0.0124573 0.0158607 1.98866 0.0141805 1.48168 0.0279522 2.56861 0.0274267 0.0110388 0.0118887 0.685648 0.016488 0.0263135 0.683549 1.32471 1.60267 0.0167745 0.120447 1.21064 0.571235 1.22011 0.014018 1.33458 0.0288129 0.0150007 1.33803 1.22603 1.15352 0.0337722 1.03073 1.21859 1.2731 0.170107 1.09026 0.0155989 0.0147138 1.21967 1.13485 0.028708 1.43811 0.666093 1.29839 1.53015 1.47848 1.5876 1.3746 0.451436 1.30118 0.0150071 0.0216764 0.953254 1.53156 1.1569 0.0179515 0.0279323 0.210215 0.0118059 0.0107521 1.31701 1.21371 1.10192 0.065532 0.0281666 0.790639 0.0280818 1.09704 0.0297686 1.12135 1.43564 1.3407 0.144131 0.958661 2.0648 1.30254 0.0156425 1.24661 1.05851 0.0246893 0.0220408 0.014288 1.23923 0.0122282 0.0265957 0.180768 0.0265962 0.280902 1.63718 1.26532 1.49722 0.0151496 0.0282976 0.983973 0.0130186 0.0165699 0.0163838 0.0584515 0.0269653 0.0281461 1.51475 0.185342 1.78087 0.0282684 0.0275723 0.0150955 0.0273528 1.49919 0.016491 0.0273284 1.34765 1.52389 0.0316631 1.32869 0.0281389 0.275663 0.0165404 0.0135034
0.880511 1.10401 0.780521 1.16562 0.861939 1.27056 1.13274 1.22108 0.859391 0 0.76994 1.13846 0.856521 1.40292 1.20258 0.803685 0.693982 0.878299 0.647194 0.691774 0.748849 0.880727 0.742671 0.77915 0.650372 0.746242 0.857797 1.23056 0.363973 0.861822 0.923309 0.751417 1.0323 0.791397 0.76953 1.14978 0.861854 0.870045 0.885874 0.847998 1.04791 0.846855 0.866644 1.2158 0.731741 0.884159 0.87981 0.864015 0.73311 0.686485 0.886216 1.05789 0.860167 0.807756 1.07706 0.883799 0.876118 0.885427 0.691589 0.884745 0.875788 0.802604 0.861826 0.884594 0.887373 0.895661 1.18845 0.868554 0.983427 0.860179 0.739875 0.764848 0.865331 0.133322 0.530034 0.855691 0.586132 0.887068 0.909799 1.06274 0.192304 1.40346 0.928916 0.865734 0.861676 0.8758 0.879778 1.12061 0.852959 1.03388 1.33226 1.06667 0.852033 1.19826 0.889101 0.866589 0.887091 1.587 0.786794 0.820488 0.885195 0.988153 0.361068 0.881441 0.871666 0.856545 1.18228 0.863838 0.741038 0.882806 1.86162 0.886436 0.863035 0.854853 1.19599 0.861842 0.88546 1.22523 1.18359 0.786291 0.861646 0.783546 0.892358 0.556468 0.8336 0.865523 0.965657 0.886442 0.871029 1.00602 1.17328 0.896199 0.869464 1.54467 1.14094 1.20948 0.696345 1.13976 0.860725 0.859551 1.12895 0.62603 0.884454 0.706862 0.792207 1.13677 0.85153 0.734462 0.793302 0.859336 0.760532 0.899309 0.874154 0.873268 0.706009 0.852105 0.91704 0.87309 0.886882 0.797782 0.856501 0.867712 0.860536 1.5061 1.02431 0.817774 0.88427 0.954248 0.885304 0.485166 0.886421 1.24086 1.1056 0.599704 0.798549 0.739391 1.26108 0.898054 0.862805 1.17255 0.822168 0.837059 0.839754 0.873364 0.895409 0.867057 0.86736 0.699995 0.838895 0.714734 0.809214 1.10244 0.951612 0.872715 0.883383 0.877243 0.868488 0.862576 0.862967 0.811546 0.886112 0.887293 0.743625 0.77868 0.991647 0.884737 0.883075 0.859957 0.884436 1.13085 0.863092 0.886687 0.954614 1.02422 0.830548 0.822066 0.881152 0.703597 0.862856 0.850781
1.08916 0.444133 0.815212 0.864706 1.06843 1.04662 0.945299 1.01063 1.06619 0.76994 0 0.416956 1.06267 1.74897 1.02663 0.302531 0.622543 1.08778 0.825593 0.649618 0.89077 0.701879 0.810666 1.03374 0.929274 0.685858 1.06277 1.07829 0.814528 1.06761 0.875293 0.792618 0.658218 0.967679 0.979866 1.31326 1.06779 1.08003 1.09307 0.302143 0.684349 1.0529 1.07077 1.00836 0.938082 1.09319 1.08581 1.02858 0.638891 0.727335 1.08926 0.581314 1.06614 0.996426 0.42785 1.09057 1.08104 1.09474 0.655902 1.09478 1.08151 0.993812 1.0672 1.07302 1.09413 1.10595 0.923491 1.00212 0.746302 1.06533 0.676915 0.779536 0.870163 0.81179 0.735882 1.06654 0.675538 1.09412 0.779712 0.58068 0.680907 1.20975 0.64675 1.07379 1.06728 1.08259 1.08691 0.57895 0.574191 0.622656 0.794477 0.750417 1.05769 0.876957 0.554657 1.07324 1.09412 2.07035 0.686674 1.06296 1.09196 0.696234 0.575398 0.930261 1.07846 1.06087 1.6244 1.07014 0.984296 1.09196 2.34265 1.09332 1.06832 1.06049 1.15677 1.06745 1.09216 1.05148 0.70064 1.04845 1.06774 0.946291 0.297026 0.521132 0.425063 1.06877 0.378797 1.09319 1.07737 0.465889 0.56925 0.505418 1.07037 1.33143 0.528354 1.04097 0.905633 0.865028 1.06689 1.06728 0.983279 0.496542 1.09121 1.22672 0.683006 0.385827 0.550699 0.701137 0.899564 0.338597 0.656957 0.562963 1.08094 1.08247 0.476162 0.611928 0.57995 1.08 1.09364 0.860442 1.06244 1.07406 0.632374 1.49981 0.819713 1.00512 1.09122 0.56783 1.09399 0.588545 1.09587 0.907167 0.679688 0.489989 0.955163 0.520257 1.72548 0.405784 1.06878 0.704776 0.418184 1.043 1.04709 1.08027 0.738474 1.07606 1.07229 0.907828 1.04514 0.797936 0.753583 0.805058 0.787777 1.07948 1.09249 0.379575 1.07495 1.06742 1.06825 1.0184 1.09287 1.09405 0.645567 0.905623 1.04095 1.0931 1.0914 1.06504 1.09184 0.705099 1.06847 1.09346 0.331956 0.703686 1.03586 0.563691 1.08796 0.854399 1.0682 1.05628
1.30357 0.582097 1.0309 0.846468 1.28398 1.01608 0.934303 1.04733 1.28127 1.13846 0.416956 0 1.27761 1.88822 1.0451 0.441458 0.769344 1.30124 0.958751 0.763747 1.10605 0.664615 1.02736 1.16772 1.03005 0.920913 1.2777 1.21612 1.17851 1.28267 0.992165 0.916733 0.657134 1.18334 1.19433 1.42601 1.28283 1.29471 1.30809 0.414167 0.793056 1.26825 1.28572 1.02548 1.15784 1.30711 1.30086 1.24364 0.850166 0.854658 1.30428 0.640066 1.28114 1.21161 0.497446 1.30595 1.29614 1.30977 0.756264 1.30986 1.29655 1.21126 1.28227 1.28798 1.30916 1.32098 0.973077 1.10434 0.894158 1.2804 0.904861 0.903904 0.897196 1.18292 1.01064 1.28057 0.93172 1.30915 0.891345 0.445637 1.048 1.19166 0.711198 1.28883 1.28218 1.29766 1.30197 0.582972 0.642385 0.692591 0.518295 0.754872 1.27326 0.848637 0.705075 1.28849 1.30915 2.24245 0.815688 1.22189 1.30702 0.81651 0.909077 1.05662 1.29353 1.27757 1.78476 1.28522 1.17682 1.30537 2.49645 1.30835 1.28341 1.27551 1.22369 1.28238 1.30723 1.10435 0.704542 1.20398 1.2827 1.16142 0.421531 0.856063 0.55242 1.28385 0.283058 1.30823 1.2931 0.4677 0.531995 0.6051 1.28555 1.30449 0.210776 1.10074 1.12551 0.866263 1.28196 1.28121 1.03751 0.688092 1.30624 1.5627 0.917952 0.231794 0.627989 0.732941 0.989061 0.490558 0.8886 0.770978 1.296 1.29647 0.737241 0.760025 0.740196 1.29506 1.30867 1.07627 1.2775 1.28912 0.763631 1.4995 0.885116 1.22218 1.30611 0.641491 1.30902 0.794013 1.31091 0.797977 0.782374 0.657796 1.16924 0.76003 1.90808 0.461055 1.28387 0.593089 0.517191 1.25791 1.26272 1.29534 0.875887 1.29113 1.28742 1.12277 1.26019 1.01749 0.891984 0.915484 0.941739 1.29454 1.30614 0.53552 1.29025 1.28287 1.28361 1.23431 1.3079 1.30908 0.757217 1.12037 1.186 1.30813 1.3053 1.28013 1.30623 0.777513 1.28354 1.30841 0.430036 0.762294 1.2509 0.699975 1.30305 1.05735 1.28323 1.27118
0.0285311 1.44955 0.249145 1.10652 0.00698114 1.12688 0.924347 1.15035 0.0103261 0.856521 1.06267 1.27761 0 2.2041 1.15483 1.17181 1.40087 0.0280376 1.28439 1.26862 0.173665 1.40286 0.263409 1.50626 1.46294 0.492846 0.0276457 1.33764 1.19636 0.00591776 1.26512 1.56064 1.10817 0.11377 0.0895542 1.96494 0.0081017 0.0198286 0.0317668 1.07015 0.970932 0.0119981 0.0167373 1.15136 0.126973 0.0560752 0.0341166 0.0429443 0.442201 1.46955 0.0348649 1.41062 0.005228 0.0668225 1.2567 0.0296339 0.0402777 0.0330006 1.43619 0.0338945 0.0376189 0.0710759 0.00888869 0.0453905 0.0321971 0.046941 1.20022 1.62063 1.45783 0.018973 0.394774 1.57982 0.559383 0.856558 1.36023 0.0103099 0.415691 0.0321893 1.00045 0.981793 0.906871 1.10111 1.1493 0.0209162 0.00770852 0.020577 0.0249455 1.09504 0.999804 1.21169 1.11519 1.05783 0.00978928 1.13104 1.43781 0.0121433 0.032192 2.29244 0.490536 1.57591 0.0298901 1.28968 1.17066 1.41113 0.0164279 0.00900681 1.98427 0.00849134 1.47867 0.0313385 2.5633 0.031398 0.01104 0.00347738 0.679852 0.00741806 0.0302847 0.680106 1.32132 1.59964 0.00806125 0.117122 1.20752 0.568049 1.21697 0.0158647 1.33148 0.0327843 0.0188481 1.33497 1.22298 1.15005 0.0409392 1.02761 1.2155 1.26964 0.165562 1.0865 0.00695218 0.0072118 1.21621 1.13181 0.0326333 1.43231 0.662603 1.2952 1.52667 1.47545 1.58453 1.37146 0.448134 1.29809 0.0189788 0.0236831 0.950144 1.52837 1.15387 0.0199061 0.0319036 0.205365 0.00294093 0.0122575 1.31391 1.21053 1.09883 0.0658317 0.031553 0.785115 0.0320532 1.09356 0.033694 1.11826 1.43212 1.33758 0.153123 0.955631 2.06067 1.29905 0.00691428 1.24348 1.05537 0.0201038 0.0292337 0.0182589 1.23617 0.0141796 0.0318159 0.177024 0.0217738 0.278536 1.63369 1.26256 1.4941 0.0191212 0.031684 0.980476 0.0149122 0.00808045 0.00789952 0.0535364 0.0309364 0.0321174 1.51129 0.193943 1.77739 0.0321582 0.0311537 0.011446 0.0309341 1.49605 0.00808671 0.0311079 1.34412 1.52089 0.0273619 1.32555 0.0336881 0.272512 0.00789878 0.00708197
2.23013 1.66776 2.09818 2.26524 2.21016 2.42835 2.00008 2.37736 2.20775 1.40292 1.74897 1.88822 2.2041 0 2.37745 1.57777 1.36922 2.22784 1.78636 1.74892 2.10221 1.52347 2.06794 1.63746 0.948636 2.07581 2.20769 1.88417 1.14053 2.20916 2.07238 1.10504 2.08447 2.14793 2.12884 0.544427 2.20936 2.22119 2.23457 1.77177 1.87212 2.19487 2.21212 2.3445 2.08041 2.23376 2.22818 2.20458 2.00057 1.25124 2.23076 1.5515 2.20762 2.16204 1.80486 2.23227 2.22532 2.23641 1.60545 2.23636 2.22391 2.15738 2.20875 2.22533 2.23564 2.24746 2.31297 1.00277 1.39092 2.20688 2.05877 1.46578 2.06381 1.40805 1.26722 2.20742 1.91704 2.23563 2.05186 1.90198 1.45252 2.55408 2.04399 2.21536 2.20852 2.22415 2.22846 2.16859 1.60206 1.98569 2.19874 2.16793 2.19974 2.33603 1.60341 2.21509 2.23563 0.465969 2.13562 1.38606 2.2335 2.08245 1.26846 1.70622 2.22001 2.2028 0.509465 2.2117 1.32478 2.23213 0.631368 2.23483 2.21122 2.20216 2.37809 2.20875 2.23373 2.46848 1.81159 1.12654 2.20918 2.13663 1.82958 1.87669 1.56481 2.21054 1.71846 2.23471 2.21869 1.81056 2.08236 1.9672 2.21193 2.67108 1.91389 1.91135 2.05259 2.23274 2.20844 2.20791 1.97396 1.7144 2.23272 0.806538 2.05429 1.86933 1.53906 1.61876 1.29099 1.56425 2.03424 1.57218 2.22248 2.22314 1.83676 1.46748 1.62451 2.22154 2.23515 2.1269 2.20399 2.21561 1.95211 2.23815 2.21666 2.15086 2.23242 1.98047 2.23551 1.68847 2.23739 2.18874 1.60293 1.57808 2.15434 1.67737 0.245743 1.76969 2.21037 2.08346 1.89134 2.18426 2.18871 2.22182 1.96951 2.21761 2.21662 2.05496 2.1867 2.04617 1.18916 2.1159 1.34135 2.22105 2.23263 1.8191 2.21674 2.20913 2.20973 2.16308 2.23438 2.23556 1.30561 2.12013 1.06487 2.23497 2.23198 2.2084 2.23271 1.601 2.21003 2.23498 1.66357 1.48014 2.17744 1.83736 2.23107 1.98397 2.20975 2.19771
1.18243 1.31597 1.09543 0.24632 1.16037 0.461353 1.41254 0.115398 1.15796 1.20258 1.02663 1.0451 1.15483 2.37745 0 1.12066 1.58229 1.18104 0.806015 0.783136 1.07218 1.37897 1.06767 0.825332 1.68194 1.14002 1.15346 1.51997 1.44929 1.15938 0.495909 1.72466 0.639109 1.10507 1.0789 2.1225 1.16021 1.17268 1.18567 0.872024 1.42168 1.14526 1.16389 0.117385 1.03142 1.18608 1.17737 1.12033 1.1393 1.37007 1.18097 1.49505 1.15908 1.11839 1.21857 1.18279 1.17254 1.18646 1.05548 1.18784 1.17431 1.11437 1.159 1.16467 1.18585 1.19767 0.145236 1.65404 1.61041 1.1572 1.0997 1.13049 1.2625 1.24269 1.38175 1.16042 0.786072 1.18584 0.511168 1.30059 1.2544 0.245295 0.488297 1.16552 1.16004 1.17436 1.17867 0.6348 1.18641 0.729833 0.95116 0.369114 1.14984 0.306404 1.299 1.16521 1.18584 2.56853 0.730207 1.57571 1.18371 0.408588 1.31319 1.3302 1.17022 1.15318 2.16031 1.16257 1.34661 1.18519 2.82016 1.18504 1.15993 1.15233 0.677056 1.15998 1.18394 0.498321 1.37261 1.36779 1.16039 1.10496 0.803597 0.730588 1.35825 1.16054 1.1024 1.18492 1.16886 1.03302 0.779343 0.602081 1.16219 0.394566 1.05001 1.37434 0.999189 0.72168 1.159 1.16062 1.25732 0.797701 1.18293 1.78652 1.31176 1.07502 1.33111 0.963388 1.1027 1.25287 1.17339 1.54022 1.17269 1.17574 0.838053 1.46427 1.39681 1.17175 1.18536 1.11726 1.1542 1.16627 0.613221 1.72077 0.241938 1.1235 1.18429 1.36453 1.18572 0.814102 1.1876 1.01552 1.58702 1.08016 1.12459 1.25943 2.27076 0.85956 1.16101 0.916845 0.684836 1.13585 1.13928 1.17203 0.545521 1.16782 1.16383 0.995853 1.13689 1.03624 1.56222 0.6253 1.64107 1.17127 1.18551 1.17546 1.16699 1.15906 1.15994 1.11771 1.18459 1.18577 1.35307 1.08289 1.91671 1.18482 1.1843 1.15664 1.18474 1.60566 1.16023 1.18519 1.22633 1.6313 1.12759 0.729566 1.18036 1.03697 1.16015 1.14895
1.19918 0.46101 1.00721 0.970918 1.17787 1.15108 0.840184 1.12517 1.17524 0.803685 0.302531 0.441458 1.17181 1.57777 1.12066 0 0.562721 1.19778 0.86608 0.637639 1.01142 0.472159 0.97699 1.03916 0.709848 0.927662 1.16915 1.01599 0.801807 1.17665 0.925981 0.705093 0.71377 1.07837 1.08978 1.1786 1.17708 1.18955 1.20251 0.322636 0.785328 1.1625 1.18063 1.10254 1.04811 1.20236 1.19452 1.13761 0.836947 0.555815 1.19827 0.48781 1.17534 1.10567 0.47439 1.20004 1.18824 1.20375 0.653345 1.2046 1.19069 1.1052 1.17624 1.18207 1.20315 1.21497 1.03463 0.827594 0.672104 1.17444 0.912515 0.863416 0.911759 0.84726 0.656221 1.17711 0.789668 1.20314 0.848971 0.541492 0.758558 1.31653 0.745558 1.1829 1.17679 1.19164 1.19595 0.76585 0.553857 0.683091 0.802227 0.841053 1.16723 0.995852 0.502589 1.18253 1.20314 1.93123 0.835027 0.921604 1.201 0.784524 0.566265 0.828862 1.1875 1.17132 1.48805 1.17879 0.986988 1.20195 2.20184 1.20234 1.17661 1.16961 1.2485 1.17668 1.20123 1.20136 0.713782 1.01321 1.17726 1.05623 0.426141 0.630599 0.353039 1.17782 0.278342 1.20222 1.18686 0.450627 0.715705 0.560319 1.17945 1.44228 0.502566 0.978695 1.01653 0.948256 1.17593 1.17736 0.923021 0.56501 1.20023 1.20973 0.922237 0.425916 0.580939 0.664681 0.862843 0.362763 0.893827 0.557066 1.18997 1.19235 0.552588 0.595661 0.60225 1.18903 1.20266 1.03648 1.1715 1.18317 0.699219 1.43871 0.925892 1.11661 1.20104 0.750282 1.20301 0.66085 1.2049 0.9069 0.603328 0.576023 1.06477 0.587058 1.58479 0.441777 1.17795 0.774012 0.519724 1.15261 1.156 1.18932 0.770592 1.1851 1.17953 1.01803 1.15418 0.955143 0.731033 0.880854 0.688676 1.18855 1.20227 0.546071 1.18423 1.17673 1.17751 1.1278 1.20189 1.20307 0.590798 1.01661 1.03698 1.20211 1.20058 1.1729 1.20101 0.636265 1.17752 1.20249 0.317762 0.608013 1.14488 0.677157 1.19634 0.915029 1.17724 1.16576
1.42845 0.513337 1.15461 1.42339 1.4066 1.59426 1.06448 1.56242 1.40398 0.693982 0.622543 0.769344 1.40087 1.36922 1.58229 0.562721 0 1.42706 0.990216 0.811091 1.23351 0.676596 1.14984 1.1667 0.519135 0.976356 1.40376 1.20837 0.711398 1.40539 1.27634 0.345907 1.16111 1.30789 1.32176 0.927059 1.40624 1.41869 1.43162 0.831806 0.732671 1.39095 1.40992 1.56434 1.27734 1.43212 1.42432 1.3679 1.00882 0.599499 1.42702 0.412055 1.4051 1.33426 0.591695 1.42854 1.42141 1.43266 0.770876 1.43388 1.4212 1.33275 1.40498 1.41107 1.43189 1.44371 1.46028 0.766709 0.589468 1.40311 1.03162 0.849335 1.14515 0.732306 0.678647 1.40594 1.07346 1.43188 1.27813 0.81952 0.651174 1.75752 1.20799 1.41155 1.40606 1.42037 1.42468 1.15752 0.709488 1.15912 1.24554 1.32416 1.3958 1.43415 0.638766 1.41117 1.43188 1.68546 1.25014 0.89919 1.42974 1.18482 0.530047 0.920981 1.41624 1.39976 1.26089 1.4085 1.01415 1.43123 1.95553 1.43108 1.40729 1.39836 1.5883 1.40586 1.42998 1.62298 0.71646 1.02224 1.40641 1.28554 0.819458 1.03198 0.267667 1.40676 0.660699 1.43097 1.4156 0.84824 1.0792 0.999431 1.40887 1.87581 0.895137 1.2069 1.24843 1.41488 1.40502 1.40689 1.20868 0.842425 1.42897 1.05328 0.847864 0.604164 0.359743 0.772946 0.955515 0.424149 0.954654 0.324459 1.41871 1.42176 0.998642 0.506779 0.643772 1.41777 1.4314 1.19838 1.40021 1.41229 1.0238 1.63524 1.36591 1.34569 1.43032 0.793649 1.43175 0.818858 1.43364 1.37018 0.472245 0.596306 1.29415 0.695947 1.34395 0.794162 1.40702 1.17143 0.990309 1.38186 1.38471 1.41805 1.15571 1.41384 1.4127 1.24993 1.3829 1.13894 0.562539 1.31917 0.552079 1.41725 1.43155 0.724846 1.41279 1.40571 1.40624 1.35727 1.43063 1.43181 0.577532 1.26169 0.540403 1.43122 1.43034 1.40447 1.43077 0.453577 1.40625 1.43123 0.40912 0.335118 1.37384 0.875295 1.42794 1.19983 1.40618 1.39499
0.00661095 1.47421 0.275021 1.1314 0.023389 1.15302 0.950559 1.17657 0.0239979 0.878299 1.08778 1.30124 0.0280376 2.22784 1.18104 1.19778 1.42706 0 1.3106 1.29481 0.19822 1.42901 0.289291 1.52794 1.48536 0.51777 0.0369159 1.3618 1.22118 0.0282189 1.28679 1.58681 1.13434 0.138661 0.115868 1.99113 0.0286795 0.0319621 0.0112345 1.09444 0.997015 0.0374062 0.0230731 1.17414 0.151827 0.0304432 0.0137524 0.062946 0.468728 1.49531 0.0148805 1.43596 0.0276384 0.0935867 1.28291 0.00953314 0.019949 0.0131228 1.46144 0.0130534 0.0164357 0.0977775 0.029985 0.0251277 0.0122127 0.0268834 1.22602 1.64675 1.48404 0.0271555 0.417714 1.60601 0.585825 0.875545 1.38451 0.0270923 0.436859 0.0122048 1.02667 1.00801 0.932348 1.12307 1.17207 0.04157 0.0277801 0.0149603 0.00915957 1.12124 1.02579 1.23784 1.14156 1.08404 0.0336651 1.15716 1.46404 0.0222268 0.0122075 2.31572 0.499771 1.60093 0.0100195 1.31591 1.1949 1.4362 0.0191124 0.0311004 2.01038 0.0262365 1.49943 0.00778753 2.58312 0.011414 0.0255505 0.030263 0.694551 0.0281741 0.0116431 0.706305 1.34734 1.62575 0.0282424 0.142722 1.23372 0.59429 1.24319 0.0256671 1.35766 0.0128261 0.0178043 1.36111 1.24911 1.17473 0.0239343 1.05381 1.24168 1.29586 0.191297 1.1127 0.0285744 0.024696 1.23935 1.15797 0.0125763 1.45402 0.688075 1.32138 1.55268 1.50156 1.61069 1.39768 0.474039 1.32429 0.0154077 0.00975034 0.976335 1.55457 1.17999 0.0178213 0.0122787 0.231951 0.0292008 0.0224642 1.34008 1.23671 1.125 0.0863022 0.0103322 0.810707 0.012113 1.11979 0.0140168 1.14443 1.45819 1.36378 0.141515 0.981772 2.08666 1.32523 0.0278836 1.26969 1.08161 0.0456944 0.0436279 0.0173527 1.26232 0.0234618 0.0223189 0.201988 0.0482973 0.304097 1.65907 1.28676 1.5203 0.0149018 0.00702006 1.00641 0.020702 0.0292407 0.0290743 0.0795386 0.0120364 0.012133 1.53297 0.192007 1.80255 0.0122501 0.00891966 0.029562 0.00927652 1.52227 0.0291387 0.0120312 1.36841 1.54697 0.0538238 1.35177 0.0130831 0.298989 0.0289325 0.032682
1.31199 1.08621 1.23215 0.803862 1.28976 0.851159 1.34569 0.840793 1.28752 0.647194 0.825593 0.958751 1.28439 1.78636 0.806015 0.86608 0.990216 1.3106 0 0.329526 1.20886 0.946684 1.20097 0.464443 1.09684 1.15336 1.28591 1.34343 0.811495 1.28893 0.472384 1.15637 0.591671 1.22674 1.21249 1.53921 1.28976 1.30223 1.31514 0.757595 1.33375 1.27446 1.29345 0.832457 1.15934 1.31564 1.30783 1.25571 1.18899 0.800066 1.31053 1.23136 1.28864 1.25459 1.12643 1.31205 1.30414 1.31617 0.476144 1.3174 1.30467 1.24953 1.28851 1.29454 1.3154 1.32723 0.816739 1.01966 1.23707 1.28665 1.18688 0.48597 1.20444 0.711265 0.773186 1.28952 0.929974 1.3154 0.707537 1.23884 0.701866 1.00571 0.486797 1.29508 1.2896 1.30391 1.30823 0.753513 1.108 0.596075 0.935543 0.717845 1.27951 0.820014 0.843236 1.29479 1.3154 1.96409 0.866881 0.969325 1.31326 0.61559 0.715964 0.778843 1.29978 1.28267 1.48846 1.29203 0.620909 1.31475 2.21688 1.3146 1.29066 1.28177 1.11292 1.2894 1.31329 0.931785 1.26318 0.731977 1.28995 1.24252 0.587661 0.77961 1.08458 1.29027 0.861004 1.31448 1.29863 0.792159 0.79173 0.526931 1.29166 1.1429 0.959415 1.30154 1.13351 0.689493 1.28856 1.29017 1.19919 0.387616 1.31249 1.18993 1.24799 0.991964 0.757152 0.446905 0.530918 0.846583 1.22438 1.22481 1.30225 1.3053 0.580087 0.883433 1.23729 1.30131 1.31491 1.25455 1.28376 1.29583 0.456703 1.66306 0.6758 1.26608 1.31384 1.29127 1.31527 0.340702 1.31716 0.978949 1.3645 0.483248 1.26214 1.11353 1.67198 0.577611 1.29056 0.831665 0.495315 1.26641 1.27538 1.30159 0.469771 1.29737 1.29543 1.13803 1.27218 1.17342 0.882419 0.610215 1.21706 1.30083 1.31506 1.06479 1.2965 1.28894 1.28957 1.25584 1.31414 1.31532 0.792417 1.22461 1.33996 1.31469 1.31384 1.28765 1.31429 1.34055 1.28979 1.31475 0.952254 1.22763 1.2606 0.444481 1.31121 1.14534 1.2897 1.27851
1.29619 0.940067 1.19422 0.696035 1.27414 0.834101 1.16449 0.787483 1.2717 0.691774 0.649618 0.763747 1.26862 1.74892 0.783136 0.637639 0.811091 1.29481 0.329526 0 1.17043 0.771602 1.16672 0.508417 0.926085 1.15983 1.27052 1.27658 0.878855 1.27315 0.47263 0.997638 0.380841 1.20247 1.18467 1.41118 1.274 1.28646 1.29938 0.662056 1.26292 1.25882 1.27767 0.821195 1.14504 1.29987 1.29208 1.23563 1.11625 0.820575 1.29477 1.04075 1.27282 1.21552 1.01248 1.29669 1.28839 1.30041 0.483754 1.30163 1.28892 1.21124 1.27273 1.27883 1.29964 1.31146 0.753955 0.928655 1.13108 1.27083 1.16603 0.589862 1.00358 0.693442 0.792653 1.27393 0.885957 1.29964 0.739515 0.990921 0.740871 0.974978 0.515352 1.27932 1.27384 1.28812 1.29244 0.588031 1.01394 0.521682 0.704334 0.594165 1.26369 0.796531 0.837415 1.27926 1.29964 2.00941 0.828081 0.982321 1.29745 0.548071 0.677705 0.827102 1.28399 1.2668 1.61142 1.27622 0.826322 1.29899 2.27943 1.29883 1.27486 1.26613 1.1099 1.27361 1.29773 0.857314 1.26357 0.851004 1.27417 1.20445 0.450287 0.740968 0.862219 1.27449 0.652577 1.29869 1.28263 0.752746 0.711897 0.265502 1.27597 1.10308 0.77636 1.24745 1.1138 0.696827 1.27275 1.27438 1.21638 0.26771 1.29673 1.2135 1.2151 0.79146 0.719022 0.271885 0.531904 0.690867 1.13598 1.02135 1.28647 1.28953 0.715342 0.843868 1.17214 1.28553 1.29915 1.21573 1.26796 1.28005 0.426027 1.70172 0.631205 1.2136 1.29804 1.06462 1.2995 0.244825 1.30136 0.96478 1.16016 0.534574 1.22325 1.06847 1.6772 0.487343 1.27475 0.817494 0.471158 1.2497 1.25285 1.28578 0.360117 1.28157 1.2797 1.11518 1.25066 1.13002 0.987943 0.536582 1.12643 1.28502 1.2993 0.95932 1.2807 1.27307 1.27368 1.22375 1.29838 1.29956 0.827942 1.18504 1.27279 1.29897 1.2981 1.27187 1.29853 1.14219 1.274 1.29895 0.743878 1.01522 1.24143 0.319945 1.29547 1.14181 1.27395 1.26275
0.199779 1.27855 0.112926 0.965147 0.180017 0.986309 0.840362 1.04576 0.177934 0.748849 0.89077 1.10605 0.173665 2.10221 1.07218 1.01142 1.23351 0.19822 1.20886 1.17043 0 1.2853 0.110683 1.4476 1.35109 0.321094 0.177041 1.2993 1.0844 0.179193 1.19549 1.39066 1.03338 0.0881457 0.103163 1.79511 0.179654 0.190835 0.204259 0.899843 0.801318 0.16592 0.188955 1.06999 0.171998 0.204179 0.197932 0.191675 0.312007 1.32585 0.20799 1.23939 0.177086 0.109054 1.08692 0.201917 0.195058 0.206104 1.26576 0.206088 0.197501 0.109489 0.1811 0.206458 0.205322 0.217143 1.04129 1.49887 1.28798 0.18131 0.256203 1.41025 0.556058 0.774834 1.20689 0.177365 0.339741 0.205314 0.911588 0.812461 0.740365 1.05541 0.996527 0.185799 0.179139 0.193702 0.198066 0.925314 0.833746 1.12504 0.99902 0.926527 0.173031 0.963786 1.26821 0.184511 0.205317 2.25793 0.36759 1.49825 0.203015 1.11978 1.0129 1.36193 0.189553 0.174646 1.84149 0.181306 1.41951 0.202462 2.53014 0.204523 0.180901 0.172508 0.685919 0.179317 0.20341 0.656746 1.1518 1.50393 0.17949 0.0648247 1.03766 0.477296 1.04692 0.186509 1.16205 0.205909 0.189956 1.16568 1.05363 0.998077 0.191321 0.985205 1.04514 1.19996 0.141366 1.02411 0.178362 0.177933 1.12034 0.99698 0.202404 1.39193 0.499946 1.12559 1.35634 1.32811 1.48772 1.20177 0.325293 1.12857 0.192103 0.193203 0.799691 1.35879 0.984385 0.192969 0.205029 0.0940639 0.173925 0.185206 1.14448 1.17957 0.96153 0.141398 0.202404 0.622246 0.205178 0.972564 0.206818 1.00358 1.26191 1.16742 0.0698606 0.789098 1.94469 1.12869 0.180179 1.07392 0.886165 0.158473 0.161545 0.191384 1.15953 0.187253 0.186323 0.139085 0.157029 0.111474 1.46234 1.21449 1.32476 0.190547 0.202922 0.810339 0.186285 0.179931 0.180271 0.132428 0.204062 0.205242 1.34029 0.0940345 1.60639 0.204651 0.20193 0.17806 0.202386 1.32677 0.180345 0.204247 1.17211 1.35128 0.15029 1.15597 0.200847 0.200105 0.180095 0.169186
