0 2.22579 0.595312 2.12588 0.217621 2.14412 1.49861 2.26214 0.200986 1.27321 1.70259 2.08423 0.278987 2.86493 2.2431 1.859 1.99687 0.0230092 2.25268 2.10394 0.493391 0.628943 2.51782 2.04709 0.930279 0.221827 2.05852 1.75688 0.278517 2.24148 2.21664 2.08077 0.419755 0.399287 2.61369 0.281045 0.269145 0.0479928 1.92616 1.62176 0.294422 0.187227 2.21633 0.427063 0.0730682 0.0570335 0.324036 0.836275 1.81245 0.0526365 2.26361 0.283353 2.11947 1.97453 0.026972 0.0555048 0.0462008 2.27605 0.0336993 0.0621364 0.382689 0.364681 0.0790205 0.0503932 0.0621261 2.28791 2.37556 2.12594 0.265265 0.789824 0.266064 0.98381 2.47412 1.23489 2.01764 0.288403 0.821978 0.048428 2.05888 1.54497 1.40408 2.1038 0.292236 0.280504 0.117194 2.22549 1.98606 1.77312 0.0281676 2.07999 1.99578 1.95495 2.18678 2.22686 0.204943 0.284875 2.96694 0.853026 2.31773 0.0225042 2.31324 1.77598 0.04847 2.23913 0.286063 2.65835 0.272201 2.35571 0.047612 3.22347 0.0410294 0.266054 0.289164 0.16018 0.26067 0.047892 1.49293 2.05961 2.50197 0.261755 0.421682 2.07268 1.06073 1.83809 0.265961 2.09081 0.0507086 0.131679 2.18394 2.14676 1.99829 0.0612724 2.17428 1.96129 1.86609 0.487537 1.94667 0.278609 1.96558 0.275275 1.89956 0.0323087 1.92548 1.12715 2.10415 2.32723 2.39521 2.49255 2.14664 1.919 1.86547 0.109226 0.223151 1.79878 2.30637 1.72874 0.237259 0.0507404 0.848891 0.276847 0.556372 0.25435 1.91595 2.07763 0.341254 0.0419018 1.2963 0.0388197 1.81997 0.0492275 1.93928 2.12687 2.28396 0.270203 1.46735 2.73763 2.2037 0.270933 2.10685 1.87371 0.289459 0.227704 2.11106 2.185 0.257555 0.0865918 0.471983 0.31543 0.63584 2.45345 2.21786 2.19922 0.108457 0.161669 1.57446 0.0486026 0.282081 0.238867 0.348539 0.0477815 0.0518942 2.39818 0.315088 2.49753 0.0495954 0.044118 0.283588 0.2808 2.22404 0.272496 0.047936 2.11535 2.19792 0.319026 2.26564 0.052908 0.0326462 0.276542 0.627223 0.292292
2.22579 0 1.79937 1.25535 2.16989 1.44587 1.6063 1.39857 2.16903 1.66683 0.673448 0.717164 2.1528 1.92818 1.39465 0.721099 0.785687 2.22178 1.30411 1.13834 1.91058 1.76711 1.54232 1.4224 1.52027 2.16073 1.48314 1.54625 2.15608 1.26206 1.04857 0.962083 2.01776 2.03115 1.54109 2.16084 2.1547 2.23776 1.17336 0.804713 2.13765 2.17557 1.38519 2.00691 2.22899 2.23131 2.08625 1.54311 0.776126 2.22877 0.962206 2.15632 0.428624 0.413879 2.23371 2.21912 2.23506 1.0548 2.22966 2.21886 2.04733 2.05368 2.19931 2.24228 2.21881 1.26613 1.45898 0.755331 2.15242 1.59771 2.14214 1.81593 1.14287 1.72318 1.3229 2.15249 1.62588 2.24014 1.22169 1.19488 1.55293 1.0755 2.14761 2.16032 2.20104 1.58615 1.05008 1.18971 2.21569 1.10656 1.217 1.26015 1.25865 0.726352 2.17521 2.14395 2.49602 1.50054 1.42707 2.23221 1.02871 1.28929 2.24097 1.31811 2.15239 1.96144 2.16219 1.53596 2.23723 2.68167 2.23631 2.15152 2.14999 2.19147 2.14122 2.23857 1.66495 0.550254 1.51461 2.1437 1.98086 0.732652 1.35105 1.67436 2.13986 0.658712 2.24063 2.19091 0.764981 0.865141 0.959007 2.202 1.69289 0.906936 0.689417 1.9479 1.44637 2.15965 1.47327 2.16103 1.06024 2.22313 2.05532 1.22835 0.490056 0.496914 1.13494 1.2427 0.549515 1.47129 0.623157 2.20156 2.169 0.988252 0.816411 0.935118 2.16908 2.24194 1.51148 2.15471 1.85479 2.16323 1.98254 1.20685 2.07596 2.23559 1.34825 2.23548 1.17391 2.23704 1.39511 0.594847 0.977262 2.0052 1.05501 2.19178 0.712558 2.16443 1.0904 0.954692 2.10341 2.13887 0.8966 1.09145 2.16604 2.19102 1.97 2.12763 1.76011 0.978337 1.24707 0.731868 2.19875 2.19062 0.956463 2.23637 2.16012 2.14961 2.08865 2.23847 2.24322 0.943416 1.95685 0.959935 2.2387 2.23238 2.1575 2.16131 0.521267 2.15357 2.2357 0.388399 0.44407 2.11566 0.956423 2.22525 2.23537 2.15633 1.78649 2.14565
0.595312 1.79937 0 1.87603 0.386683 1.90197 1.31276 2.06591 0.399181 1.01978 1.24425 1.65803 0.355531 2.65027 2.08178 1.55719 1.56437 0.584662 2.10042 1.91848 0.157644 0.131928 2.3846 1.82696 0.39854 0.402118 1.95235 1.50402 0.370652 2.10045 1.80136 1.84232 0.234313 0.280966 2.25673 0.375541 0.367023 0.638879 1.77273 1.20689 0.349903 0.409566 2.0576 0.380063 0.626397 0.63241 0.352027 0.321002 1.5302 0.625876 1.98868 0.364276 1.693 1.5481 0.614462 0.613224 0.63375 1.94604 0.621466 0.621675 0.267272 0.269867 0.619191 0.643006 0.61817 2.00849 2.16079 1.70161 0.395869 0.240437 0.35767 0.813341 2.07072 1.10049 1.71818 0.361444 0.524655 0.637408 1.88079 1.15171 1.00405 1.81481 0.362459 0.374941 0.491965 2.12239 1.56052 1.36141 0.57236 1.91547 1.74993 1.67796 1.82099 1.79904 0.395383 0.35261 2.87772 0.860845 2.16504 0.613042 1.94655 1.44591 0.641354 2.12162 0.366523 2.41387 0.369508 2.22603 0.634929 3.13926 0.629643 0.378144 0.364874 0.440924 0.356219 0.637252 1.32131 1.63199 2.31389 0.357691 0.204442 1.64583 0.777419 1.75179 0.373828 1.6975 0.641224 0.467339 1.75937 1.7203 1.73754 0.594461 2.0523 1.58371 1.43695 0.328802 1.81678 0.366745 1.82234 0.368438 1.62706 0.619001 1.77431 0.620303 1.6759 1.89905 2.13301 2.28922 1.71786 1.7444 1.4399 0.490264 0.516606 1.51567 1.87783 1.2967 0.465573 0.642655 0.325516 0.359706 0.0772246 0.395223 1.82608 1.82474 0.314908 0.633307 0.853539 0.629844 1.57097 0.635134 1.73561 1.71161 1.87853 0.407682 1.01629 2.53131 1.77545 0.370761 1.72598 1.55811 0.321324 0.372468 1.68264 2.02877 0.399629 0.544598 0.3341 0.340245 0.197909 2.03822 2.10365 1.78652 0.4923 0.46325 1.11165 0.637553 0.376218 0.424204 0.307127 0.635385 0.642143 1.97204 0.383343 2.08705 0.639967 0.627609 0.365078 0.372922 1.79759 0.366921 0.6323 1.68815 1.77273 0.33161 1.8386 0.625222 0.626677 0.370901 0.316767 0.361281
2.12588 1.25535 1.87603 0 2.06786 0.482716 1.63197 0.356855 2.06673 1.87661 1.16299 0.905465 2.05043 2.34206 0.359671 1.14013 1.62654 2.12034 1.0885 0.876292 1.85271 1.80655 0.986485 1.81398 1.82516 2.06372 1.72266 1.89836 2.05371 0.641426 1.67196 1.36591 1.91549 1.93895 2.05818 2.05855 2.05262 2.14346 0.738046 1.60254 2.03541 2.07394 0.39723 1.90628 2.13322 2.136 1.98336 1.73018 0.930195 2.13432 1.37399 2.0546 1.43755 1.20026 2.13138 2.12056 2.13918 1.05789 2.12856 2.12515 1.94709 1.95114 2.10486 2.14782 2.12347 0.343023 1.75867 1.49939 2.04955 1.80474 2.03976 1.80496 1.19622 1.90984 1.58982 2.05293 1.5914 2.14569 0.897247 1.34919 1.83805 0.553238 2.04523 2.05809 2.09874 0.458745 0.521906 1.36339 2.11339 0.765724 0.263371 0.826229 0.26398 1.31626 2.07315 2.04156 2.7591 1.29044 1.70082 2.12991 0.386292 1.59259 2.14652 1.55633 2.05126 2.27431 2.05983 1.70198 2.14363 2.96307 2.13829 2.04999 2.04823 2.08918 2.03856 2.14362 0.708407 1.35343 1.62653 2.04165 1.89511 0.748864 1.4272 1.07628 2.03751 1.02488 2.14618 2.0902 1.03063 0.684047 0.591294 2.09975 0.584845 0.920993 1.43207 1.85711 0.886343 2.0574 1.52011 2.05871 0.87932 2.12733 2.2802 1.84497 0.937151 1.24947 0.903964 1.12175 1.19126 1.46907 1.62905 2.09926 2.06887 1.25058 1.46364 1.58253 2.06677 2.14749 1.79228 2.05241 1.89769 2.0609 1.96975 0.321189 1.97398 2.13877 1.66598 2.13466 1.04654 2.14252 1.04707 1.52618 0.651944 1.94072 1.62564 2.44697 0.828012 2.06213 0.906049 0.782702 2.00124 2.038 1.19024 0.591707 2.06364 2.0926 1.87801 2.02556 1.76683 1.64535 0.775654 1.55901 2.09645 2.08832 1.32582 2.14279 2.05861 2.04732 1.98832 2.14402 2.14877 1.40235 1.87246 1.91406 2.14458 2.13597 2.05706 2.05959 1.53704 2.05127 2.14125 1.16201 1.53458 2.01328 0.652826 2.13286 2.13396 2.05395 1.85711 2.04319
0.217621 2.16989 0.386683 2.06786 0 2.08504 1.42547 2.20355 0.0298724 1.12686 1.61435 2.0274 0.0689512 2.80785 2.18407 1.80071 1.93124 0.204763 2.19365 2.04455 0.283277 0.440132 2.46071 1.98606 0.753103 0.0601984 2.00246 1.66281 0.0827769 2.18425 2.15789 2.02174 0.213135 0.191155 2.55481 0.0875122 0.061329 0.26041 1.86727 1.55933 0.0772462 0.0423714 2.16283 0.219552 0.272193 0.265745 0.126104 0.668601 1.75298 0.249954 2.20561 0.0819455 2.06133 1.91571 0.236117 0.261691 0.257558 2.21835 0.247524 0.269929 0.174226 0.158243 0.287216 0.263654 0.269302 2.22946 2.3165 2.06712 0.0879634 0.603075 0.0716476 0.83112 2.41531 1.1591 1.9424 0.082779 0.618838 0.258055 1.9998 1.46728 1.26636 2.0467 0.0942862 0.0875005 0.106478 2.17311 1.92739 1.71442 0.1921 2.02105 1.93704 1.89613 2.12769 2.16782 0.0214022 0.0824426 2.91244 0.952972 2.25973 0.234349 2.25442 1.68583 0.262004 2.182 0.086414 2.59941 0.0679297 2.30089 0.253184 3.17304 0.2457 0.062801 0.0829329 0.0613038 0.0680374 0.257902 1.38772 2.00086 2.44288 0.0691701 0.209064 2.01386 0.887849 1.79088 0.0707071 2.0319 0.263948 0.0916504 2.12497 2.08794 1.94111 0.265253 2.11562 1.90271 1.80393 0.275497 1.88761 0.0771752 1.90662 0.0712546 1.82119 0.243506 1.81324 0.971387 2.04541 2.26888 2.33612 2.43373 2.08797 1.86204 1.7929 0.111792 0.193229 1.73969 2.24743 1.64997 0.136935 0.263529 0.662688 0.070221 0.349855 0.064464 1.85704 2.01867 0.128583 0.256598 1.20868 0.251831 1.72959 0.259326 1.88038 2.0683 2.22499 0.379826 1.35235 2.67867 2.14518 0.0768186 2.04782 1.81489 0.0798527 0.059846 2.05197 2.12596 0.070733 0.188613 0.264575 0.108259 0.458182 2.39527 2.16226 2.14013 0.11264 0.07703 1.48016 0.259798 0.0877116 0.0954965 0.142147 0.250248 0.262772 2.34107 0.442105 2.43999 0.262159 0.248406 0.075156 0.0844562 2.16522 0.0784168 0.251353 2.05803 2.13917 0.112689 2.20661 0.252477 0.248229 0.0824633 0.422786 0.0871511
2.14412 1.44587 1.90197 0.482716 2.08504 0 1.35448 0.629321 2.08417 2.04487 1.4529 1.13615 2.06849 2.54824 0.57169 1.45973 1.88605 2.13872 1.18124 1.08753 1.87204 1.83429 1.15287 2.06875 1.85753 2.07608 1.51976 2.07263 2.07115 0.556986 1.99414 1.26424 1.93513 1.94667 2.25714 2.07632 2.07058 2.15282 0.712515 1.65279 2.05292 2.09228 0.653606 1.97346 2.14573 2.14593 2.00489 1.79714 1.20818 2.14299 1.63294 2.07274 1.64843 1.47221 2.1492 2.13447 2.15042 1.04971 2.14686 2.13636 1.96603 1.96903 2.115 2.1565 2.13399 0.576252 1.99093 1.79139 2.06729 1.84629 2.05722 1.63683 1.32975 2.09672 1.5789 2.07102 1.75893 2.15437 0.967842 1.46039 2.01762 0.690225 2.06268 2.07645 2.11618 0.687173 0.693688 1.66436 2.13084 0.691385 0.54376 0.868695 0.475594 1.14506 2.09078 2.05949 2.92552 1.44549 1.51974 2.14735 0.571427 1.81565 2.15559 1.33824 2.06774 2.3507 2.07804 1.7994 2.15324 3.08544 2.15146 2.06705 2.06532 2.10662 2.05717 2.15371 0.709515 1.39129 1.75405 2.05943 1.91294 1.06014 1.61111 1.14292 2.05578 1.22368 2.15485 2.10613 0.903353 0.806328 0.81696 2.11759 0.665534 1.11541 1.72218 1.91324 0.695792 2.07513 1.37472 2.07692 1.18179 2.13786 2.43861 1.88386 1.21234 1.50247 1.09638 1.33867 1.50362 1.29022 1.88316 2.11671 2.08706 1.39471 1.30093 1.77268 2.08421 2.15608 1.85593 2.06985 1.92049 2.07854 1.5492 0.504844 1.99227 2.15196 1.73263 2.15064 1.25208 2.15126 0.772515 1.81575 0.796057 1.95085 1.81163 2.61606 1.04725 2.07957 0.705577 1.00226 2.01961 2.0556 1.38664 0.694415 2.08112 2.10646 1.93011 2.04297 1.79521 1.7909 0.538942 1.82455 2.1139 2.10576 1.31731 2.15239 2.07586 2.06494 2.00437 2.1527 2.1576 1.60416 1.89235 2.03682 2.15351 2.14911 2.07309 2.0764 1.79762 2.06871 2.14993 1.44459 1.78027 2.03119 0.971479 2.14164 2.1521 2.0714 1.89752 2.06116
1.49861 1.6063 1.31276 1.63197 1.42547 1.35448 0 1.89126 1.4246 1.53895 1.18389 1.3814 1.40872 2.37902 1.81685 1.17395 1.33857 1.49085 1.87308 1.4845 1.2893 1.24231 2.19025 1.39975 1.31804 1.41765 0.873068 1.5762 1.41149 1.65062 1.60292 1.03275 1.33444 1.29863 2.09176 1.41665 1.41109 1.54059 1.06871 1.34004 1.39352 1.43264 1.83027 1.4154 1.53212 1.53334 1.34971 1.1811 1.32575 1.53111 1.77735 1.41307 1.4523 1.45717 1.51637 1.51048 1.53619 1.57826 1.52438 1.52239 1.33515 1.34637 1.50282 1.54462 1.52108 1.87672 1.74764 1.62174 1.40772 1.2544 1.39754 0.740922 2.05451 1.56292 1.32843 1.41018 1.31379 1.54249 1.56876 0.850184 1.59359 1.63704 1.40317 1.41678 1.45651 1.90876 1.43133 1.27673 1.47797 1.15017 1.46446 1.29047 1.76282 1.3434 1.43111 1.39982 2.77289 1.4786 1.1646 1.51492 1.86483 1.40643 1.54331 1.09247 1.40763 2.33735 1.41816 2.03041 1.54136 3.03346 1.53509 1.40738 1.40601 1.44695 1.3971 1.54041 1.36219 1.43874 2.08579 1.39976 1.31077 1.48824 1.31295 1.62105 1.39528 1.31125 1.54297 1.44638 1.29946 1.66614 1.3456 1.49348 1.79285 1.39413 1.18239 1.35343 1.01067 1.41538 0.740295 1.41725 1.37736 1.52198 1.96413 1.32541 1.43547 1.82344 1.7664 1.99984 1.55131 0.729604 1.29726 1.45704 1.42758 1.44972 1.37082 1.35814 1.42454 1.54419 1.2457 1.41018 1.31719 1.41887 0.891682 1.62624 1.33891 1.53655 1.04052 1.5315 1.44225 1.53945 0.702919 1.51441 1.84865 1.39355 1.36181 2.43744 1.62625 1.41991 1.04004 1.35076 1.36069 1.39681 1.65937 1.54594 1.4215 1.44803 1.34924 1.3833 1.24125 1.97085 1.354 1.69289 1.45423 1.44609 0.855983 1.5405 1.41552 1.40527 1.34941 1.54081 1.54556 1.88931 1.33067 1.91295 1.54162 1.53346 1.41364 1.41673 1.56486 1.40904 1.53804 1.42481 1.51558 1.37114 1.8068 1.52955 1.52893 1.41173 1.22266 1.4015
2.26214 1.39857 2.06591 0.356855 2.20355 0.629321 1.89126 0 2.20246 1.93854 1.35315 1.11476 2.18653 2.43046 0.204267 1.37213 1.82278 2.25686 1.07971 0.994114 2.0403 2.00833 0.954334 1.9763 2.02005 2.19917 1.75001 1.97481 2.18929 0.631938 1.90318 1.50891 2.08555 2.0789 2.18523 2.19445 2.18852 2.27087 0.869111 1.82121 2.17096 2.21042 0.240528 2.04645 2.26386 2.26401 2.12143 1.99182 1.13173 2.26126 1.51901 2.19093 1.57193 1.4126 2.26726 2.25601 2.26828 1.18448 2.26491 2.25234 2.09049 2.09791 2.23227 2.27477 2.24654 0.18736 1.89377 1.69234 2.18512 2.02495 2.17534 2.02213 1.25276 1.96784 1.71216 2.1851 1.67669 2.27264 0.955304 1.65686 1.91851 0.629275 2.1808 2.19459 2.23432 0.307618 0.814043 1.59286 2.24897 0.912791 0.575583 1.07002 0.445806 1.43575 2.2086 2.17486 2.75153 1.47304 1.72501 2.26549 0.433043 1.73136 2.27373 1.56361 2.18479 2.29829 2.19597 1.69842 2.27152 2.92581 2.26959 2.18544 2.18314 2.22475 2.1749 2.27185 0.837181 1.56068 1.6497 2.17756 2.0802 0.958508 1.48095 1.06153 2.17335 1.22536 2.27313 2.22587 1.15603 0.891539 0.767899 2.23588 0.450701 1.1412 1.64134 1.99405 1.03485 2.19326 1.65316 2.19506 1.06535 2.256 2.31524 2.05993 1.1962 1.40272 1.02155 1.17609 1.39605 1.58552 1.82019 2.23484 2.20538 1.30987 1.59151 1.69419 2.20192 2.27444 2.04357 2.18799 2.08754 2.19667 2.05483 0.403713 2.10175 2.27009 1.88264 2.26874 1.17191 2.26946 1.27346 1.73307 0.713935 2.11827 1.73529 2.4913 0.969724 2.19771 1.09353 0.941166 2.13851 2.17258 1.31057 0.706224 2.19921 2.22803 2.01207 2.15467 1.95716 1.71829 0.781658 1.74682 2.23226 2.22389 1.62757 2.27066 2.19419 2.18186 2.12385 2.27097 2.27574 1.51928 2.0822 2.03614 2.27141 2.26731 2.19251 2.19517 1.69938 2.18684 2.2682 1.34708 1.72587 2.14947 0.805233 2.25863 2.27024 2.18953 2.04044 2.17959
0.200986 2.16903 0.399181 2.06673 0.0298724 2.08417 1.4246 2.20246 0 1.12934 1.61349 2.02627 0.086912 2.80696 2.18319 1.79958 1.93011 0.193004 2.19284 2.04364 0.29518 0.44542 2.45958 1.98494 0.753616 0.047627 2.00422 1.66189 0.0993604 2.18342 2.15669 2.02082 0.22016 0.198923 2.55395 0.104654 0.0862049 0.243414 1.86745 1.5611 0.0934366 0.02433 2.16045 0.232038 0.25893 0.244935 0.137975 0.66747 1.75235 0.242551 2.20448 0.100525 2.0602 1.91458 0.219604 0.240223 0.240629 2.21748 0.230521 0.24787 0.186147 0.166586 0.264659 0.247029 0.247681 2.22826 2.31562 2.06599 0.0996263 0.602024 0.0882479 0.830261 2.41418 1.16588 1.94154 0.103711 0.624438 0.243939 1.99893 1.46637 1.27516 2.04588 0.109049 0.104557 0.0988692 2.17072 1.92643 1.7136 0.179249 2.02196 1.93595 1.895 2.12683 2.16691 0.0276267 0.0942032 2.91601 0.92599 2.25995 0.216932 2.25329 1.68599 0.24538 2.17996 0.0993236 2.60126 0.095007 2.29924 0.24302 3.17634 0.236539 0.080469 0.0976879 0.0478064 0.084872 0.241866 1.38861 1.99995 2.44205 0.0860052 0.22145 2.01273 0.88698 1.79451 0.0862514 2.03106 0.247259 0.076718 2.1241 2.08681 1.9402 0.241433 2.11454 1.90162 1.8028 0.28993 1.88812 0.100246 1.90638 0.0979979 1.8201 0.22717 1.81653 0.970257 2.0443 2.26775 2.33526 2.4326 2.08684 1.86121 1.79177 0.0943036 0.206445 1.73883 2.24653 1.64883 0.153351 0.246936 0.661493 0.0882814 0.360553 0.0817823 1.85632 2.0178 0.145624 0.239829 1.21163 0.235246 1.72873 0.243678 1.87951 2.06755 2.22421 0.362333 1.35126 2.67981 2.14427 0.0938014 2.0469 1.81376 0.0934645 0.0393198 2.05111 2.12522 0.0871856 0.178061 0.275231 0.119252 0.456948 2.39442 2.16056 2.13927 0.100532 0.0701343 1.47925 0.242777 0.105143 0.111963 0.153168 0.242272 0.247015 2.33994 0.421151 2.43911 0.245635 0.236003 0.0972553 0.102827 2.16409 0.0955584 0.239112 2.05717 2.13798 0.12188 2.20571 0.240905 0.231605 0.0996048 0.427256 0.0984487
1.27321 1.66683 1.01978 1.87661 1.12686 2.04487 1.53895 1.93854 1.12934 0 1.16497 1.73717 1.1263 1.77692 1.95347 1.28873 1.03258 1.2612 1.33572 1.3022 0.980808 0.94109 1.57138 0.958129 0.94855 1.11168 1.76342 0.584898 1.14453 1.70417 1.15062 1.35095 1.02601 1.00834 1.50921 1.14912 1.12879 1.31848 1.64705 1.53076 1.11331 1.14096 1.92142 0.980725 1.30189 1.30953 1.11088 0.93635 1.39632 1.31056 1.21142 1.13766 1.54671 1.58535 1.29417 1.28335 1.3136 1.31441 1.30068 1.30061 1.0539 1.06677 1.30746 1.32307 1.29657 1.91358 1.31578 1.43833 1.1297 0.940973 1.13046 1.0941 1.38483 0.254703 0.892805 1.12668 0.744556 1.31748 1.70966 1.43288 0.361283 1.63527 1.1361 1.14854 1.17179 2.11374 1.83069 1.43799 1.25207 1.6956 1.74839 1.98113 1.98291 1.44017 1.13581 1.12535 2.05532 1.0045 1.33641 1.2934 1.7565 0.647987 1.32143 1.48236 1.13836 1.58191 1.13797 1.39365 1.31207 2.29074 1.3093 1.12553 1.13894 1.14845 1.12801 1.31732 1.52138 1.71219 1.38085 1.12983 1.0252 1.54411 0.651327 1.90368 1.12149 1.5232 1.32143 1.15065 1.64849 1.91839 1.51784 1.28106 2.24403 1.69586 1.23801 0.915238 1.81084 1.13982 1.72811 1.13843 1.13431 1.29901 0.877608 1.01312 1.74743 1.36779 1.37883 1.4425 1.37075 1.63175 1.22267 1.17048 1.20775 1.27294 1.38289 1.26701 1.15974 1.32271 0.991049 1.12949 1.04512 1.13782 2.06639 1.65698 1.06004 1.3128 1.29406 1.30976 0.915446 1.31517 1.84706 1.58668 1.61014 1.15488 0.991419 1.64824 1.56302 1.13917 1.82969 1.4193 1.08489 1.09615 1.08585 1.61397 1.14194 1.21416 0.918739 1.11321 0.88856 1.33523 1.85737 1.43378 1.17221 1.14729 1.2488 1.31488 1.15017 1.12567 1.07974 1.3151 1.32219 1.34964 1.10391 1.43956 1.31969 1.30539 1.12739 1.147 1.64165 1.1408 1.31229 1.48013 1.48144 1.10501 1.52824 1.29836 1.30559 1.14485 0.921329 1.13501
1.70259 0.673448 1.24425 1.16299 1.61435 1.4529 1.18389 1.35315 1.61349 1.16497 0 0.652962 1.59723 2.05699 1.40373 0.5107 0.751625 1.69474 1.27977 0.967524 1.34986 1.20703 1.57468 1.12219 1.04842 1.60917 1.46047 1.11193 1.60103 1.30368 0.97136 0.966235 1.46116 1.48096 1.57924 1.60603 1.59968 1.74501 0.953882 1.02332 1.58106 1.62107 1.36682 1.44402 1.73476 1.73716 1.53033 0.975387 0.592204 1.73555 1.06331 1.60166 0.794945 0.614678 1.72073 1.71606 1.74035 1.03031 1.72843 1.72636 1.48878 1.498 1.70696 1.74921 1.72495 1.26609 1.3546 0.956658 1.59655 1.02974 1.58709 1.28214 1.20639 1.22974 0.925839 1.59866 1.06487 1.74692 1.27106 0.720323 1.05474 1.01545 1.59263 1.6058 1.64549 1.56246 0.826557 0.934579 1.68222 0.999535 1.01276 1.17093 1.2362 0.815993 1.61964 1.58681 2.48723 1.02538 1.43898 1.71951 1.06222 0.82311 1.74775 1.34867 1.59559 1.97717 1.607 1.51175 1.74525 2.74097 1.73952 1.59637 1.59526 1.63593 1.5857 1.74485 1.12695 0.954496 1.57294 1.58872 1.42572 0.584863 0.810217 1.58667 1.58451 0.605237 1.74756 1.63659 0.76114 1.0022 0.778401 1.69806 1.67341 0.836822 0.568963 1.38858 1.26776 1.60428 1.39389 1.60595 0.667925 1.72628 1.57887 1.03535 0.639624 0.81011 1.16946 1.37323 0.549215 1.32062 0.661531 1.64617 1.62342 0.793378 0.862331 0.719 1.61377 1.74887 1.02114 1.59916 1.2962 1.60765 1.94007 1.08732 1.51326 1.74039 0.853955 1.73605 0.722289 1.74381 1.27522 0.905247 1.03435 1.50888 0.76084 2.07308 0.761075 1.6089 1.05797 0.664324 1.54848 1.58413 0.744992 1.10673 1.61069 1.6509 1.42287 1.57253 1.19029 1.08559 1.26283 1.01161 1.64321 1.63507 0.496773 1.74441 1.60565 1.59366 1.53522 1.74525 1.75 0.993776 1.42989 1.30414 1.74595 1.73751 1.60251 1.60639 0.941084 1.59817 1.74248 0.521094 0.901441 1.56108 0.924222 1.73329 1.73313 1.60128 1.32681 1.59052
2.08423 0.717164 1.65803 0.905465 2.0274 1.13615 1.3814 1.11476 2.02627 1.73717 0.652962 0 2.01001 2.11132 1.1276 0.703311 1.06103 2.078 1.1853 0.974882 1.76723 1.62581 1.41769 1.40467 1.49393 2.02003 1.5241 1.67973 2.01325 1.14703 1.09438 0.829822 1.87452 1.89118 1.63443 2.01802 2.01189 2.09447 0.812985 1.18496 1.99463 2.03299 1.12174 1.86724 2.08578 2.08865 1.94299 1.37972 0.622989 2.08544 1.14848 2.0136 0.774965 0.743484 2.09107 2.07686 2.0925 0.974772 2.08776 2.076 1.90718 1.91064 2.05598 2.09895 2.076 1.05005 1.52062 1.07174 2.00908 1.46449 1.9993 1.45136 1.07909 1.80038 1.39536 2.01038 1.51555 2.09682 1.11609 0.766562 1.60675 0.843082 2.00477 2.0173 2.05827 1.27005 0.677008 1.01229 2.07293 0.868072 0.856083 0.618954 0.917287 0.846334 2.03287 2.00158 2.66141 1.26568 1.49789 2.08944 0.905187 1.35891 2.09769 1.3975 2.01107 2.0936 2.01936 1.54651 2.09288 2.82631 2.09355 2.00914 2.00741 2.04871 1.99812 2.0958 1.32208 0.915975 1.53449 2.00095 1.83825 0.523056 1.346 1.47592 1.99704 0.37748 2.0973 2.04973 0.626375 0.664106 0.724213 2.05936 1.37441 0.447307 0.828072 1.81223 1.11029 2.01694 1.40591 2.01814 0.908549 2.07997 2.16072 1.47059 0.34076 0.821978 0.924207 1.20762 0.697755 1.37676 1.10716 2.0588 2.0266 1.02047 0.911161 1.1458 2.0263 2.09862 1.46021 2.01194 1.71173 2.02043 1.85836 0.987467 1.93361 2.09254 1.17985 2.09272 1.05236 2.0937 1.04986 0.927554 0.885671 1.86261 1.2337 2.35067 0.583926 2.02167 0.771293 0.680273 1.96037 1.99769 0.82164 1.00115 2.02321 2.04891 1.83279 1.98506 1.61981 1.16049 1.10013 1.07397 2.05599 2.04785 0.887255 2.09207 2.01815 2.00702 1.94787 2.09515 2.09989 0.967481 1.80063 1.36404 2.09597 2.08916 2.01518 2.01912 0.920906 2.0108 2.09232 0.590268 0.889989 1.97282 0.846052 2.08316 2.0924 2.01349 1.71641 2.00273
0.278987 2.1528 0.355531 2.05043 0.0689512 2.06849 1.40872 2.18653 0.086912 1.1263 1.59723 2.01001 0 2.7907 2.16741 1.78361 1.91427 0.268253 2.1769 2.02804 0.251605 0.426125 2.44374 1.9687 0.735622 0.119886 1.98595 1.64567 0.0198547 2.16724 2.14115 2.00509 0.178789 0.132609 2.53804 0.024771 0.0628188 0.321456 1.85051 1.54262 0.0357448 0.102104 2.14582 0.157954 0.336455 0.325229 0.0951973 0.651789 1.77969 0.317821 2.18835 0.0161788 2.04426 1.89875 0.297533 0.320258 0.318928 2.20128 0.308503 0.327345 0.116497 0.100704 0.345333 0.325484 0.32716 2.21295 2.30007 2.0502 0.0991438 0.585672 0.0301818 0.814606 2.39838 1.17493 1.9254 0.0256032 0.601382 0.319885 1.98314 1.45058 1.25993 2.02948 0.0300208 0.0243572 0.174106 2.15638 1.91042 1.6974 0.25449 2.00446 1.92007 1.87921 2.11133 2.15112 0.0787119 0.0185961 2.89606 1.01015 2.2428 0.295163 2.2375 1.66865 0.32383 2.16524 0.0207329 2.58308 0.0308577 2.28401 0.317751 3.15705 0.311737 0.0658185 0.017781 0.12313 0.031283 0.319728 1.37073 1.98399 2.42652 0.0301247 0.176418 1.99694 0.871322 1.77452 0.0703677 2.01528 0.325709 0.152898 2.10846 2.07131 1.92407 0.322828 2.09864 1.88574 1.78701 0.233782 1.87094 0.0171579 1.88982 0.0204248 1.8045 0.30527 1.7964 0.953958 2.0284 2.25159 2.31983 2.41698 2.071 1.84498 1.77598 0.172788 0.204887 1.72304 2.23061 1.63332 0.151873 0.325356 0.645775 0.00986575 0.312723 0.079194 1.84047 2.00207 0.128137 0.317716 1.19162 0.313587 1.7126 0.319719 1.86381 2.05113 2.20839 0.442835 1.33571 2.66234 2.12812 0.0179883 2.03107 1.79792 0.0519992 0.116134 2.03532 2.1095 0.0856045 0.253804 0.269001 0.0421313 0.457452 2.37823 2.14541 2.1235 0.175596 0.14536 1.46295 0.320756 0.0253929 0.110236 0.0762315 0.317514 0.324599 2.32382 0.501238 2.4227 0.32389 0.310891 0.0380719 0.0218104 2.14826 0.0222556 0.313502 2.04088 2.12243 0.0460637 2.18986 0.31734 0.309664 0.0203947 0.410154 0.020715
2.86493 1.92818 2.65027 2.34206 2.80785 2.54824 2.37902 2.43046 2.80696 1.77692 2.05699 2.11132 2.7907 0 2.43349 1.87366 1.70011 2.85856 1.95229 1.93375 2.65411 2.57692 1.81015 1.24143 2.58716 2.80524 2.24376 1.40703 2.79411 2.22161 1.41812 1.76296 2.7116 2.68694 0.684274 2.79902 2.79258 2.8751 2.2795 2.23174 2.77603 2.81368 2.37776 2.63838 2.86643 2.86934 2.77113 2.48192 2.04126 2.8658 1.51586 2.79429 1.87361 2.15086 2.8719 2.86208 2.87299 1.82159 2.8684 2.8581 2.71897 2.72742 2.85179 2.87922 2.85656 2.35538 1.18079 1.73679 2.79 2.56561 2.78035 2.53373 1.58773 1.78582 1.55679 2.79138 2.38794 2.877 2.17558 2.25255 1.90588 2.18188 2.78576 2.79829 2.83891 2.58157 2.34395 2.09456 2.85363 2.19503 2.30414 2.38641 2.42971 1.86705 2.81435 2.78231 0.693292 2.56998 1.68984 2.87014 2.16626 1.61774 2.87839 2.01463 2.7901 0.649724 2.80017 1.60333 2.87307 0.76654 2.87416 2.7916 2.78879 2.82941 2.77879 2.8765 2.66964 2.16326 1.24575 2.78165 2.69221 2.05609 2.27984 2.4769 2.77905 1.95716 2.87756 2.82897 2.06996 2.26364 2.12985 2.84086 2.68145 2.14316 1.92298 2.59206 2.48989 2.79773 2.26358 2.79908 1.9284 2.86052 1.07048 2.56397 2.12382 1.76339 1.74723 1.38579 1.83938 2.3299 1.94133 2.8395 2.80731 2.05739 1.75358 2.02978 2.80725 2.8789 2.5508 2.79266 2.67851 2.80111 2.65678 2.31166 2.71761 2.87312 2.43056 2.87328 1.91247 2.87396 2.4545 2.00493 2.11119 2.7303 2.09128 0.5394 1.99377 2.80236 2.31478 2.1175 2.74201 2.77772 1.75249 2.09196 2.80409 2.83397 2.62338 2.76609 2.55538 1.41283 2.28888 1.69859 2.83664 2.82854 2.18159 2.8722 2.79894 2.78781 2.73194 2.87533 2.88037 1.60145 2.69374 1.36983 2.87591 2.86981 2.79848 2.79941 1.99559 2.7915 2.87256 1.94872 1.78822 2.75469 2.00037 2.86586 2.87309 2.79448 2.48535 2.78374
2.2431 1.39465 2.08178 0.359671 2.18407 0.57169 1.81685 0.204267 2.18319 1.95347 1.40373 1.1276 2.16741 2.43349 0 1.37356 1.85066 2.2377 1.08617 1.00068 2.0557 2.01537 0.946968 1.98103 2.03312 2.1763 1.7555 1.98712 2.17013 0.568155 1.9017 1.48366 2.10018 2.0646 2.21648 2.1753 2.16972 2.25196 0.850064 1.82981 2.15279 2.19126 0.191443 2.02167 2.24471 2.24592 2.10014 1.98547 1.14013 2.24188 1.55585 2.17172 1.62748 1.42711 2.24797 2.23469 2.24946 1.18691 2.24592 2.2339 2.10764 2.11362 2.21252 2.25539 2.23342 0.251588 1.92207 1.70645 2.16671 2.01663 2.15638 1.97145 1.24511 2.00354 1.71923 2.17085 1.6389 2.25326 0.869978 1.6365 1.96239 0.662452 2.16166 2.17543 2.21516 0.272402 0.801122 1.58748 2.22982 0.864134 0.529987 1.05337 0.382355 1.4026 2.18954 2.15815 2.76232 1.46796 1.70975 2.24633 0.465854 1.78591 2.25457 1.54924 2.16697 2.33898 2.1772 1.67724 2.25213 2.92582 2.25044 2.16603 2.16465 2.2056 2.15633 2.25269 0.828246 1.5097 1.61281 2.15841 2.0892 0.990121 1.48576 1.06258 2.15393 1.20497 2.25374 2.20503 1.13369 0.83866 0.790876 2.21628 0.423668 1.14625 1.66591 1.96983 0.940782 2.17402 1.59519 2.1759 1.10017 2.23687 2.31852 2.05448 1.17154 1.44612 1.07119 1.1601 1.42401 1.50708 1.85191 2.21569 2.18623 1.36866 1.58138 1.73616 2.18319 2.25508 2.05243 2.16883 2.1021 2.17751 1.97955 0.435635 2.11443 2.25094 1.92195 2.24965 1.19599 2.25022 1.20245 1.74296 0.684263 2.13104 1.76138 2.55823 0.975213 2.17855 1.03929 0.961962 2.11915 2.15558 1.3119 0.696469 2.18015 2.20668 1.97561 2.14202 1.97769 1.75893 0.763764 1.7305 2.21287 2.20474 1.58706 2.25128 2.17417 2.1641 2.11559 2.25159 2.25657 1.53372 2.07972 2.04746 2.25223 2.24809 2.17229 2.17538 1.73504 2.16769 2.24882 1.38741 1.74173 2.12976 0.873583 2.24062 2.25108 2.17038 1.98937 2.16014
1.859 0.721099 1.55719 1.14013 1.80071 1.45973 1.17395 1.37213 1.79958 1.28873 0.5107 0.703311 1.78361 1.87366 1.37356 0 0.769806 1.8536 1.23942 0.837002 1.56064 1.48835 1.44649 0.949474 1.44165 1.79396 1.40491 1.16693 1.78656 1.2403 0.857703 0.651103 1.64993 1.67301 1.48057 1.79149 1.78618 1.90084 0.886736 1.18505 1.76898 1.80716 1.32547 1.6376 1.8898 1.89253 1.71621 1.29505 0.463016 1.89146 0.831967 1.78689 0.733053 0.720454 1.87662 1.87052 1.89642 0.961427 1.88433 1.88216 1.68289 1.68444 1.86305 1.90497 1.88212 1.27766 1.16353 0.871293 1.78312 1.41031 1.77268 1.3608 1.19689 1.33424 0.96246 1.78662 1.27647 1.90284 1.21848 0.773638 1.24283 1.01975 1.77895 1.79133 1.83159 1.54288 0.955786 0.847627 1.84642 0.949823 0.952539 1.05652 1.24886 0.781722 1.80619 1.7749 2.32477 1.22352 1.31516 1.87527 1.0577 0.953515 1.90366 1.24882 1.78481 1.86551 1.79223 1.4511 1.90118 2.6096 1.89544 1.78098 1.78108 1.82202 1.7721 1.90077 1.37272 1.00861 1.47117 1.7746 1.61157 0.606794 0.986339 1.56213 1.77036 0.47924 1.90333 1.82306 0.777396 1.02411 0.698845 1.85381 1.67394 0.806845 0.544579 1.58769 1.19802 1.79025 1.3244 1.79183 0.72764 1.88233 1.69 1.41969 0.7212 0.939248 1.02179 1.20653 0.612503 1.26466 0.825244 1.83211 1.80203 0.838874 0.922408 0.912045 1.79962 1.90455 1.40231 1.78558 1.58532 1.7938 1.88447 1.10152 1.70849 1.89637 1.18773 1.89189 0.863451 1.89991 1.24394 0.781038 0.99455 1.66515 0.957869 1.97203 0.699864 1.79498 1.12837 0.689712 1.73515 1.7701 0.79848 1.03343 1.79665 1.82284 1.6189 1.75852 1.46336 1.12643 1.25185 0.836078 1.8293 1.82117 0.863654 1.90033 1.79146 1.7804 1.72135 1.90117 1.90592 0.905475 1.59109 1.39081 1.90161 1.89264 1.7873 1.79244 0.899189 1.78412 1.8984 0.551626 0.795766 1.74614 0.935994 1.8879 1.88802 1.7868 1.42196 1.77653
1.99687 0.785687 1.56437 1.62654 1.93124 1.88605 1.33857 1.82278 1.93011 1.03258 0.751625 1.06103 1.91427 1.70011 1.85066 0.769806 0 1.9891 1.30141 0.97354 1.67372 1.52617 1.56708 0.774606 1.29146 1.92674 1.59746 0.999854 1.91709 1.59638 0.501058 0.951941 1.78053 1.80617 1.23015 1.92225 1.91653 2.03885 1.34213 1.00931 1.89826 1.93822 1.80129 1.76816 2.02897 2.03009 1.85279 1.34848 1.04747 2.02963 0.99353 1.91868 0.659874 0.792951 2.01447 2.01067 2.03418 1.05073 2.02256 2.02183 1.80853 1.81416 2.00137 2.04287 2.01893 1.6946 1.0513 0.842991 1.91317 1.37226 1.90328 1.51068 1.12635 1.07807 0.910292 1.91578 1.46677 2.04074 1.63045 1.00595 0.974724 1.49192 1.90861 1.92239 1.96212 1.99108 1.32113 1.08321 1.97775 1.46186 1.49778 1.55314 1.68978 0.962016 1.93566 1.90484 2.07783 1.59702 1.29375 2.01317 1.44126 0.790981 2.04157 1.37559 1.91409 1.63309 1.92377 1.40917 2.03962 2.37481 2.03334 1.91301 1.91161 1.95255 1.9027 2.03867 1.73621 0.998704 1.43741 1.90537 1.7421 1.02903 1.33042 1.85955 1.90219 0.932895 2.04123 1.95358 1.18686 1.4226 1.13716 1.99304 2.10808 1.23888 0.393364 1.71737 1.72126 1.92098 1.56826 1.92322 0.94755 2.02011 1.41738 1.11903 0.85969 0.615821 1.07118 1.31357 0.659055 1.58328 0.457167 1.96264 1.93318 1.28096 0.817523 0.924269 1.93026 2.04254 1.27348 1.91579 1.61311 1.92447 2.08555 1.5399 1.83751 2.03475 1.06092 2.02972 0.916114 2.03764 1.73583 0.694922 1.31036 1.80306 1.00635 1.72605 1.08626 1.92551 1.5053 1.15265 1.8661 1.90006 0.745421 1.41387 1.92705 1.95561 1.74259 1.88891 1.51989 0.963505 1.66524 0.792435 1.95983 1.9517 0.902924 2.03876 1.92265 1.91017 1.85229 2.03907 2.04382 0.983683 1.75173 0.77325 2.03953 2.03172 1.92008 1.92297 0.694456 1.91464 2.0363 0.634525 0.471998 1.8772 1.09566 2.02827 2.02719 1.91733 1.65876 1.9071
0.0230092 2.22178 0.584662 2.12034 0.204763 2.13872 1.49085 2.25686 0.193004 1.2612 1.69474 2.078 0.268253 2.85856 2.2377 1.8536 1.9891 0 2.24728 2.09818 0.480959 0.613988 2.5094 2.03704 0.92231 0.209497 2.05312 1.7487 0.277378 2.23296 2.21124 2.07537 0.41147 0.389994 2.60843 0.280012 0.253854 0.0688316 1.92076 1.61266 0.279488 0.180585 2.21093 0.416374 0.0765076 0.0690047 0.317204 0.828832 1.8064 0.0573336 2.25821 0.276501 2.1141 1.96913 0.0408553 0.0651506 0.0665673 2.27065 0.0550978 0.0757045 0.373765 0.357367 0.0941872 0.0698185 0.075519 2.28251 2.3701 2.12054 0.250534 0.780624 0.264148 0.976301 2.46872 1.21918 2.00932 0.271706 0.810777 0.0661162 2.05348 1.5372 1.38857 2.09646 0.284472 0.279285 0.108404 2.22009 1.98066 1.76763 0.0224643 2.07459 1.99038 1.94973 2.18137 2.22146 0.203423 0.277996 2.96272 0.84765 2.31176 0.0434702 2.30783 1.76585 0.0692061 2.23373 0.279888 2.65309 0.263349 2.34719 0.0537499 3.21807 0.0513874 0.252154 0.282241 0.155339 0.259199 0.0648801 1.48318 2.05424 2.49656 0.260723 0.408031 2.06727 1.05289 1.83055 0.251663 2.0854 0.0695398 0.126929 2.17854 2.14135 1.9929 0.0728184 2.16888 1.95601 1.8585 0.473553 1.94126 0.270936 1.96017 0.266421 1.89179 0.0485829 1.91752 1.11918 2.09874 2.32186 2.38981 2.48715 2.14139 1.91163 1.85771 0.108162 0.208 1.79337 2.30097 1.72097 0.227083 0.069267 0.841253 0.270495 0.549058 0.245567 1.91054 2.07235 0.326625 0.0616809 1.28844 0.0596673 1.8122 0.0670899 1.93388 2.12139 2.27856 0.256004 1.45961 2.73234 2.19845 0.269914 2.10145 1.86831 0.275948 0.217167 2.10566 2.17959 0.248779 0.0712874 0.463206 0.307263 0.628045 2.44808 2.21246 2.19382 0.0998266 0.15298 1.56659 0.0642191 0.281016 0.229273 0.340779 0.0587534 0.0678016 2.38966 0.305646 2.49212 0.0687211 0.0549479 0.269673 0.277896 2.21864 0.271431 0.0608646 2.10935 2.19252 0.311544 2.26024 0.0585978 0.0531867 0.275478 0.619505 0.2849
2.25268 1.30411 2.10042 1.0885 2.19365 1.18124 1.87308 1.07971 2.19284 1.33572 1.27977 1.1853 2.1769 1.95229 1.08617 1.23942 1.30141 2.24728 0 0.619318 2.07323 2.02767 0.803623 1.40678 1.95136 2.18119 1.68383 1.3071 2.17971 0.823911 1.41518 1.21529 2.09131 2.07423 1.6935 2.18487 2.17901 2.26129 0.925912 1.83336 2.1612 2.20084 1.09742 2.02186 2.25428 2.25352 2.12113 2.00813 1.10868 2.25127 1.05069 2.1813 1.43009 1.43701 2.25772 2.24124 2.25872 0.739626 2.25536 2.2441 2.12397 2.13273 2.22449 2.2649 2.24224 1.06752 1.23681 1.49388 2.17554 2.0107 2.16576 2.02856 0.654293 1.40731 1.13755 2.17884 1.66992 2.26264 1.16233 1.68162 1.38105 0.70485 2.17122 2.18501 2.22474 1.25968 1.10289 1.63161 2.23939 0.90136 1.02961 1.17989 1.14414 1.08343 2.19931 2.16773 2.2407 1.49808 1.21953 2.2559 0.898358 1.15552 2.26415 1.10247 2.17681 1.66751 2.18639 0.84666 2.26162 2.42833 2.26001 2.17396 2.174 2.21517 2.16532 2.26227 1.26289 1.52392 1.00596 2.16798 2.11049 0.869623 1.4253 1.52583 2.16463 1.12921 2.26324 2.21579 1.06803 1.10414 0.820936 2.22645 1.37353 1.19434 1.42587 1.97481 1.07427 2.18368 1.67516 2.18548 0.725921 2.24642 1.71284 2.04161 1.25098 0.941469 0.644197 0.731008 1.08229 1.58241 1.59927 2.22526 2.19531 0.921004 1.10018 1.65149 2.19276 2.26463 2.07421 2.17841 2.12236 2.18709 2.06864 0.915225 2.14268 2.26051 1.93418 2.25917 0.703286 2.2596 1.3332 1.65364 0.781277 2.15066 1.67951 1.96313 0.791932 2.18813 1.13768 0.765514 2.13053 2.17376 0.720647 0.795104 2.18964 2.21314 1.99666 2.16016 1.99192 0.998303 0.94874 1.47097 2.22265 2.21431 1.61372 2.26066 2.18499 2.17349 2.13783 2.26097 2.26615 1.06102 2.09594 1.53315 2.26128 2.25773 2.18 2.18538 1.57822 2.17726 2.2582 1.19537 1.45648 2.14506 0.738383 2.24855 2.26066 2.17995 1.99192 2.17003
2.10394 1.13834 1.91848 0.876292 2.04455 1.08753 1.4845 0.994114 2.04364 1.3022 0.967524 0.974882 2.02804 1.93375 1.00068 0.837002 0.97354 2.09818 0.619318 0 1.89092 1.85369 0.837975 1.11342 1.85059 2.0395 1.56249 1.33061 2.03153 0.74092 1.15035 0.930253 1.93591 1.92046 1.61952 2.0367 2.03003 2.13936 0.503303 1.7337 2.01248 2.05212 1.03081 1.87815 2.12888 2.13224 1.96506 1.79417 0.92642 2.12928 1.05621 2.0322 1.22595 1.21249 2.11557 2.11092 2.13442 0.650329 2.12306 2.12236 1.94219 1.94896 2.10189 2.14339 2.11868 0.961161 1.12114 1.33559 2.02645 1.86146 2.01759 1.61016 0.842752 1.29899 1.05197 2.0303 1.51183 2.14066 1.1979 1.26591 1.3355 0.787161 2.02306 2.03683 2.07564 1.16645 0.779599 1.40282 2.09034 0.709634 0.742499 0.909683 1.06959 1.04482 2.052 2.01919 2.26489 1.32481 1.21889 2.11369 0.801982 1.07163 2.14174 1.10788 2.02736 1.84737 2.03729 1.22537 2.13954 2.53064 2.13326 2.02786 2.02606 2.06608 2.01683 2.13859 1.01651 1.51011 1.2535 2.01949 1.92786 0.650982 1.25348 1.46036 2.01525 0.825279 2.14174 2.06551 0.974752 1.01628 0.396614 2.09268 1.29224 1.02691 1.09036 1.83139 0.920187 2.03451 1.51119 2.03638 0.461845 2.12001 1.67733 1.88515 1.01378 0.927749 0.438222 0.757345 0.851372 1.48082 1.2479 2.07677 2.04671 1.17634 1.03023 1.4906 2.04367 2.14306 1.83099 2.02931 1.93899 2.038 2.05398 0.774775 1.95297 2.13469 1.62837 2.13023 0.491407 2.13754 1.20711 1.38997 0.706642 1.98945 1.52962 1.89504 0.701841 2.0395 1.05637 0.724456 1.98056 2.01589 0.748397 0.571248 2.04057 2.06894 1.86031 2.00243 1.81204 1.28115 0.801334 1.34416 2.07336 2.06522 1.33628 2.13868 2.03624 2.0244 1.96474 2.13899 2.14374 1.09619 1.93261 1.49317 2.14064 2.13164 2.03443 2.03586 1.31945 2.02877 2.13622 0.905645 1.17453 1.99163 0.521835 2.12931 2.1277 2.03178 1.87205 2.02155
0.493391 1.91058 0.157644 1.85271 0.283277 1.87204 1.2893 2.0403 0.29518 0.980808 1.34986 1.76723 0.251605 2.65411 2.0557 1.56064 1.67372 0.480959 2.07323 1.89092 0 0.202456 2.36094 1.81495 0.49269 0.297466 1.92682 1.49294 0.267644 2.07461 1.90137 1.84636 0.126432 0.16556 2.29755 0.273311 0.263459 0.536164 1.74378 1.29803 0.243873 0.31597 2.03945 0.245045 0.521877 0.529245 0.262788 0.456312 1.53921 0.532235 1.98996 0.26088 1.79901 1.65626 0.511753 0.510485 0.531251 1.96367 0.519446 0.523893 0.1573 0.166592 0.529897 0.540468 0.5157 1.99039 2.13268 1.81011 0.297757 0.379623 0.257266 0.788465 2.15878 1.0582 1.71132 0.257518 0.495369 0.53487 1.86417 1.21245 1.01549 1.81558 0.260645 0.272602 0.388503 2.08944 1.67059 1.46204 0.46894 1.88895 1.74033 1.70661 1.87503 1.91204 0.290987 0.254615 2.84564 0.833644 2.139 0.510123 1.99654 1.44539 0.538819 2.09619 0.263055 2.38143 0.265683 2.20179 0.531343 3.10683 0.526136 0.27382 0.263375 0.338119 0.253079 0.534717 1.28547 1.74178 2.29592 0.255167 0.0990909 1.75294 0.747167 1.72517 0.276292 1.7781 0.540698 0.365711 1.8708 1.82888 1.71274 0.503428 2.02801 1.64414 1.54105 0.191435 1.78274 0.263372 1.79329 0.264852 1.61951 0.51543 1.73934 0.721033 1.78876 2.00742 2.11575 2.28919 1.83027 1.7183 1.53589 0.387748 0.413297 1.52077 1.99049 1.39106 0.364233 0.540344 0.458128 0.258061 0.146713 0.291546 1.77804 1.81077 0.208954 0.530364 0.958373 0.526982 1.54342 0.531486 1.70773 1.80885 1.97067 0.30119 1.10064 2.49412 1.88631 0.268769 1.79315 1.55787 0.220664 0.272854 1.79298 2.00322 0.295958 0.440834 0.208168 0.238497 0.217726 2.14025 2.07714 1.88419 0.388557 0.359796 1.22216 0.534878 0.27401 0.320203 0.203767 0.531951 0.539587 2.08368 0.339784 2.18401 0.537497 0.524161 0.261161 0.270575 1.9096 0.264643 0.527805 1.79571 1.87924 0.232223 1.95198 0.522453 0.524109 0.268689 0.319036 0.260319
0.628943 1.76711 0.131928 1.80655 0.440132 1.83429 1.24231 2.00833 0.44542 0.94109 1.20703 1.62581 0.426125 2.57692 2.01537 1.48835 1.52617 0.613988 2.02767 1.85369 0.202456 0 2.32487 1.73419 0.366567 0.440852 1.90604 1.38813 0.437166 2.03517 1.74537 1.77281 0.299792 0.325773 2.17256 0.441896 0.425005 0.670888 1.71359 1.1387 0.408249 0.463973 1.98836 0.430562 0.654711 0.664086 0.437876 0.29985 1.44852 0.664848 1.91062 0.432189 1.63848 1.51037 0.646504 0.645998 0.666397 1.88176 0.655121 0.660186 0.32248 0.334247 0.666714 0.675637 0.650917 1.93665 2.09167 1.67027 0.431156 0.224921 0.425893 0.766909 2.01435 1.02955 1.64084 0.424064 0.479131 0.670039 1.80651 1.08176 0.916418 1.73155 0.429368 0.44221 0.52115 2.06493 1.53134 1.29677 0.604085 1.85633 1.68141 1.62432 1.7521 1.76249 0.453479 0.429295 2.81689 0.815715 2.10685 0.645936 1.87721 1.3499 0.673988 2.06661 0.436025 2.35232 0.432466 2.14967 0.664502 3.08022 0.658836 0.424235 0.4321 0.473826 0.422231 0.669887 1.26474 1.59708 2.23786 0.424382 0.251797 1.60309 0.695484 1.71323 0.42062 1.63641 0.67603 0.501114 1.72629 1.68662 1.66948 0.641075 1.98307 1.50756 1.39668 0.373278 1.76455 0.429837 1.76508 0.431367 1.56656 0.651656 1.71375 0.564601 1.64238 1.86184 2.06866 2.21594 1.68449 1.67514 1.39442 0.52289 0.542697 1.4449 1.85513 1.24777 0.492509 0.675544 0.302226 0.431204 0.138183 0.433301 1.76926 1.75431 0.367157 0.666646 0.809124 0.662511 1.49935 0.668052 1.66715 1.67366 1.82618 0.428513 0.956995 2.46471 1.74045 0.442044 1.65713 1.47397 0.381409 0.419132 1.63714 1.96148 0.436815 0.573943 0.383941 0.407222 0.108723 1.99591 2.04568 1.74117 0.522653 0.492796 1.077 0.670311 0.442735 0.449672 0.372863 0.664563 0.674792 1.93386 0.414902 2.03588 0.672605 0.658486 0.431377 0.439762 1.76409 0.434404 0.661794 1.65334 1.73554 0.401086 1.81911 0.655928 0.659529 0.437414 0.279813 0.429233
