0 0.680367 0.159802 0.515348 0.0584006 0.476114 0.374208 0.56178 0.0541736 0.525165 0.521574 0.589382 0.075148 1.28901 0.54343 0.582698 0.710502 0.00663086 0.690401 0.663975 0.144567 0.201521 0.835657 0.836228 0.254283 0.0634416 0.566191 0.725534 0.0762501 0.602659 0.833655 0.663358 0.108282 0.112251 1.08286 0.0769544 0.07337 0.0119509 0.503922 0.536936 0.0786878 0.0499884 0.541213 0.14388 0.0169552 0.0185593 0.0817866 0.235767 0.539408 0.0114146 0.803089 0.0755159 0.694378 0.579615 0.0103266 0.0198945 0.0116978 0.717558 0.00886218 0.0171234 0.106585 0.101372 0.0196966 0.0138201 0.0191806 0.579161 0.945303 0.708141 0.0712911 0.218965 0.0884457 0.26056 0.826592 0.52095 0.749042 0.0781006 0.266742 0.0118881 0.538228 0.440047 0.563572 0.572121 0.0820281 0.0767892 0.0320436 0.513785 0.498201 0.541954 0.0122652 0.551397 0.489669 0.478759 0.527588 0.690855 0.0557476 0.0785246 1.41383 0.246354 0.79629 0.0054469 0.628076 0.697339 0.0128773 0.688497 0.0776313 1.15715 0.073696 0.834416 0.0122565 1.5778 0.0105181 0.0796189 0.0782273 0.0436667 0.0907169 0.0135576 0.315638 0.599869 0.913753 0.0884713 0.11874 0.605864 0.339562 0.46843 0.082011 0.625842 0.013878 0.0362613 0.630484 0.547456 0.558883 0.0188256 0.456876 0.56238 0.618756 0.162447 0.461785 0.0759802 0.514131 0.074614 0.591373 0.0141711 0.884052 0.316946 0.591153 0.754107 0.783069 0.870183 0.68411 0.496116 0.61826 0.0302359 0.0602989 0.538672 0.748225 0.554859 0.0623827 0.0141678 0.22981 0.0756858 0.154578 0.070736 0.424127 0.529717 0.0958737 0.0117374 0.398833 0.0105204 0.584161 0.0127414 0.446904 0.67191 0.651184 0.0801731 0.4791 1.28293 0.648181 0.0741362 0.532136 0.531298 0.0985661 0.0600813 0.705546 0.605839 0.0688517 0.0252068 0.150488 0.0836238 0.213096 0.8847 0.581533 0.73664 0.0293345 0.0431333 0.449088 0.0124057 0.0769748 0.0814574 0.0948461 0.01147 0.0153873 0.833458 0.0851547 0.957636 0.0137857 0.00961987 0.0750505 0.0766802 0.716129 0.0809152 0.0103663 0.662899 0.725756 0.0874529 0.679106 0.0127714 0.00865011 0.0784813 0.17796 0.0796003
0.680367 0 0.597133 0.241908 0.689908 0.292765 0.453694 0.265552 0.684749 0.46984 0.180579 0.18245 0.703398 0.807111 0.263591 0.183408 0.227224 0.678409 0.26109 0.253832 0.619863 0.573448 0.410865 0.464675 0.490926 0.675473 0.278902 0.467975 0.707058 0.205992 0.323926 0.236388 0.654731 0.660737 0.561551 0.708826 0.698419 0.684162 0.241006 0.369803 0.698757 0.684082 0.263752 0.628007 0.674073 0.68076 0.682361 0.516897 0.193619 0.683094 0.293374 0.705781 0.123721 0.116682 0.683267 0.675492 0.683436 0.245037 0.681566 0.677317 0.670667 0.67585 0.675604 0.686171 0.675531 0.247335 0.51057 0.177268 0.695268 0.532981 0.701643 0.55665 0.343497 0.484258 0.394806 0.702788 0.480643 0.685278 0.258241 0.384441 0.440348 0.168477 0.702225 0.708805 0.68093 0.318034 0.232225 0.300839 0.676946 0.195765 0.236238 0.341894 0.248929 0.159388 0.689972 0.701098 1.05822 0.448363 0.367023 0.682725 0.184903 0.397415 0.68565 0.292441 0.70461 0.698829 0.706101 0.395902 0.683921 1.20041 0.684181 0.698253 0.705921 0.683596 0.700799 0.685179 0.408307 0.139411 0.447987 0.701171 0.654438 0.123462 0.391219 0.429274 0.696964 0.138457 0.685803 0.679624 0.121437 0.181221 0.172969 0.673839 0.375506 0.255187 0.16716 0.606439 0.293082 0.707124 0.305407 0.707091 0.240342 0.678345 0.68942 0.419987 0.12274 0.169612 0.29036 0.388347 0.132242 0.311881 0.134344 0.680366 0.692617 0.26291 0.198028 0.22458 0.696801 0.686016 0.515798 0.703683 0.613954 0.701279 0.455059 0.221675 0.672761 0.683569 0.444339 0.683723 0.291462 0.683668 0.325779 0.0981377 0.167907 0.613886 0.276438 0.891999 0.114157 0.706685 0.221504 0.193074 0.689008 0.675767 0.230789 0.163542 0.701799 0.66799 0.604335 0.698088 0.556384 0.331953 0.191506 0.172775 0.679176 0.683233 0.281747 0.683558 0.709032 0.694488 0.68423 0.684798 0.686601 0.283633 0.599559 0.342947 0.684315 0.682023 0.701783 0.708886 0.0889491 0.705471 0.683367 0.0999957 0.108141 0.693752 0.209729 0.678303 0.683227 0.706934 0.582524 0.704084
0.159802 0.597133 0 0.481172 0.106292 0.440315 0.302473 0.54377 0.109327 0.438169 0.427313 0.502219 0.106566 1.24126 0.527558 0.491612 0.618553 0.157288 0.656238 0.625473 0.0544513 0.0579149 0.822616 0.758171 0.113327 0.114444 0.4875 0.637578 0.112653 0.579681 0.744295 0.576332 0.0636653 0.0815607 1.01479 0.11217 0.104174 0.170101 0.458762 0.423101 0.103682 0.113387 0.52244 0.123904 0.159675 0.169041 0.0957568 0.0958443 0.470807 0.167553 0.72833 0.109803 0.595862 0.491515 0.166617 0.168378 0.168646 0.659471 0.165247 0.164104 0.0885159 0.0844693 0.162889 0.172784 0.162035 0.548291 0.892073 0.604272 0.105799 0.0734583 0.122247 0.200276 0.770347 0.451452 0.674433 0.108066 0.159006 0.170766 0.458193 0.325568 0.463063 0.516639 0.105605 0.112163 0.131339 0.51415 0.430847 0.424613 0.156078 0.501265 0.44597 0.413501 0.478617 0.603672 0.10901 0.108101 1.40024 0.239308 0.732219 0.163749 0.581413 0.608378 0.17213 0.631958 0.109112 1.10635 0.10953 0.789325 0.170231 1.56601 0.168966 0.113362 0.109238 0.120621 0.124291 0.171932 0.28762 0.500581 0.861106 0.122537 0.0687907 0.533197 0.240213 0.412862 0.114416 0.540241 0.172733 0.126535 0.548648 0.478522 0.505055 0.159009 0.453248 0.473062 0.514941 0.116585 0.418228 0.110197 0.430635 0.110218 0.534753 0.168298 0.835183 0.185302 0.506484 0.682244 0.740571 0.830129 0.60269 0.409496 0.519587 0.132397 0.121896 0.450485 0.663084 0.444773 0.116897 0.17306 0.094017 0.106762 0.0362859 0.11223 0.371362 0.491451 0.093656 0.169852 0.268292 0.168545 0.52931 0.16963 0.376453 0.573291 0.594598 0.111109 0.355758 1.24531 0.57551 0.109901 0.451408 0.460325 0.113907 0.102473 0.632961 0.573883 0.110408 0.145799 0.103224 0.101358 0.0831394 0.819455 0.554303 0.633451 0.132462 0.121532 0.336109 0.169936 0.112384 0.122298 0.0881668 0.170129 0.173838 0.758787 0.103359 0.87611 0.171314 0.166389 0.106895 0.112096 0.622177 0.116705 0.168181 0.57668 0.63387 0.09707 0.619716 0.165952 0.167714 0.114852 0.0894721 0.107427
0.515348 0.241908 0.481172 0 0.554904 0.103849 0.372459 0.0984941 0.54903 0.509376 0.260228 0.198469 0.568222 0.850201 0.0772209 0.297895 0.394398 0.514251 0.288443 0.269607 0.488037 0.466104 0.385705 0.575085 0.417092 0.541375 0.291981 0.562841 0.571959 0.143993 0.479076 0.342699 0.519754 0.52636 0.656371 0.573655 0.56323 0.517289 0.146246 0.434785 0.563589 0.547826 0.082868 0.492981 0.508264 0.51251 0.547238 0.434183 0.229451 0.515497 0.412552 0.570736 0.331757 0.198651 0.515135 0.508532 0.516547 0.274471 0.514939 0.510431 0.536154 0.540966 0.508646 0.518531 0.508519 0.108999 0.582024 0.355378 0.559979 0.445881 0.568036 0.461488 0.370739 0.520359 0.458649 0.567973 0.376874 0.518162 0.204713 0.343608 0.496628 0.132607 0.56699 0.573615 0.536129 0.090968 0.117234 0.31532 0.515125 0.1478 0.0569722 0.265407 0.0532628 0.286048 0.554819 0.566027 1.06286 0.277943 0.438146 0.516699 0.134834 0.493282 0.518142 0.342565 0.569548 0.763202 0.570888 0.463959 0.516231 1.21259 0.516531 0.563352 0.570756 0.545536 0.56796 0.517131 0.22384 0.219247 0.509013 0.567876 0.521313 0.19356 0.347502 0.328237 0.562479 0.244547 0.51798 0.537267 0.217513 0.131623 0.160608 0.505933 0.148483 0.228936 0.338473 0.472723 0.145004 0.571908 0.236013 0.571857 0.254904 0.511366 0.7349 0.404123 0.168312 0.285674 0.305995 0.400636 0.27737 0.217572 0.321205 0.534055 0.554279 0.330704 0.334071 0.337972 0.560725 0.518107 0.437201 0.568474 0.496046 0.566111 0.336812 0.0715582 0.537662 0.515998 0.44498 0.516477 0.30175 0.51647 0.191448 0.28848 0.160391 0.461675 0.357951 0.902605 0.203671 0.571478 0.125009 0.190562 0.55638 0.540084 0.326881 0.151805 0.566538 0.512081 0.471045 0.562919 0.448375 0.455687 0.154238 0.37253 0.532551 0.545471 0.246112 0.516816 0.573865 0.56096 0.549181 0.517098 0.518286 0.402823 0.443422 0.527238 0.516777 0.515509 0.566621 0.573705 0.302721 0.570528 0.51681 0.267443 0.326284 0.558561 0.192728 0.511905 0.515757 0.571861 0.478605 0.568865
0.0584006 0.689908 0.106292 0.554904 0 0.509619 0.350217 0.60669 0.00729479 0.507615 0.519907 0.594955 0.0172861 1.32196 0.587862 0.576396 0.713446 0.0569645 0.71968 0.689848 0.091174 0.150223 0.876137 0.839309 0.215849 0.0206468 0.547183 0.719115 0.0232401 0.639459 0.840117 0.656344 0.0530693 0.0566848 1.10647 0.0219799 0.0179762 0.0694282 0.5186 0.522475 0.0213244 0.0100364 0.585869 0.0877039 0.0723893 0.0739127 0.0275133 0.19278 0.554882 0.0661489 0.811687 0.0204023 0.690519 0.584494 0.0650725 0.0743603 0.0688373 0.744203 0.0661523 0.0726054 0.0514217 0.0463492 0.0753485 0.0710581 0.074667 0.623938 0.964046 0.700036 0.0186634 0.174466 0.0357018 0.221274 0.861332 0.513736 0.756583 0.0219854 0.219829 0.0692357 0.532276 0.420918 0.548778 0.599253 0.0251962 0.0219391 0.0278721 0.559638 0.52303 0.524103 0.0551499 0.565773 0.520208 0.485014 0.565752 0.696656 0.00594997 0.0233927 1.44823 0.298056 0.799739 0.0622992 0.668784 0.693987 0.0705572 0.689581 0.0214791 1.18366 0.018515 0.854471 0.069045 1.61089 0.067314 0.0262361 0.0202835 0.01617 0.038202 0.0702602 0.334076 0.595346 0.933263 0.0360646 0.0644899 0.625271 0.306461 0.446909 0.0280427 0.630563 0.0710474 0.0245488 0.640503 0.570639 0.580682 0.0732564 0.501817 0.562026 0.610981 0.108563 0.472966 0.0206241 0.494606 0.0195528 0.609988 0.0706242 0.890307 0.287946 0.599079 0.7747 0.815653 0.905811 0.695354 0.478706 0.616051 0.029036 0.0280653 0.533492 0.756816 0.540193 0.021388 0.0712924 0.186576 0.0177862 0.101628 0.0187822 0.401749 0.567506 0.0409061 0.0696225 0.371869 0.0678637 0.598273 0.0700307 0.442881 0.670957 0.685508 0.112846 0.453608 1.31581 0.66784 0.019092 0.540588 0.544574 0.0433284 0.0163805 0.725231 0.635907 0.0161005 0.0523344 0.098017 0.0257021 0.164857 0.910227 0.608725 0.729695 0.0297569 0.0171279 0.432687 0.0694898 0.021857 0.0317628 0.037416 0.0681379 0.0716841 0.851085 0.124254 0.971943 0.0710876 0.0655828 0.0199758 0.0215682 0.718176 0.0282269 0.0673217 0.669386 0.728747 0.029581 0.71214 0.0688028 0.0663667 0.0257979 0.127044 0.0217368
0.476114 0.292765 0.440315 0.103849 0.509619 0 0.32698 0.150928 0.503767 0.5548 0.324383 0.243675 0.52295 0.91479 0.125802 0.358084 0.456663 0.474396 0.331447 0.327678 0.443819 0.434957 0.438514 0.634147 0.380348 0.49519 0.310815 0.61837 0.526526 0.174169 0.540257 0.375154 0.474563 0.479929 0.715558 0.528333 0.518023 0.479811 0.186442 0.410689 0.518289 0.502755 0.14132 0.471709 0.470553 0.474986 0.501888 0.406556 0.287107 0.477698 0.472831 0.525444 0.386261 0.263223 0.477671 0.470705 0.479018 0.311455 0.477483 0.472989 0.490853 0.495622 0.471084 0.480919 0.471094 0.160357 0.639891 0.416958 0.514638 0.410469 0.524422 0.419922 0.42769 0.571339 0.499898 0.523039 0.417417 0.480554 0.223773 0.321383 0.544888 0.182851 0.521599 0.52837 0.490902 0.125541 0.126114 0.373133 0.474091 0.184881 0.111334 0.227104 0.0980128 0.312643 0.509538 0.520669 1.12677 0.314685 0.462744 0.4785 0.194295 0.550559 0.480545 0.357534 0.524156 0.808164 0.525595 0.510911 0.478813 1.25836 0.478896 0.518239 0.525328 0.500277 0.525383 0.479544 0.178183 0.262179 0.542872 0.524507 0.476131 0.253797 0.393821 0.29523 0.518301 0.29554 0.480365 0.491947 0.244761 0.131799 0.21567 0.468451 0.11192 0.277057 0.397888 0.449295 0.135708 0.526527 0.266315 0.526583 0.322066 0.473619 0.778119 0.368803 0.22437 0.365388 0.371747 0.463749 0.341007 0.240386 0.385559 0.488866 0.509488 0.379244 0.360488 0.392896 0.515445 0.480491 0.404305 0.523053 0.454642 0.520756 0.248371 0.140293 0.492616 0.478653 0.420297 0.479009 0.357468 0.478893 0.141601 0.346566 0.228918 0.421791 0.412535 0.972141 0.25493 0.52606 0.144447 0.246399 0.514664 0.494851 0.382694 0.198123 0.521156 0.467145 0.440706 0.517563 0.422036 0.506155 0.162943 0.423788 0.487349 0.500194 0.284676 0.479488 0.528407 0.517782 0.503622 0.479439 0.480683 0.445874 0.401958 0.571433 0.479234 0.477997 0.521211 0.528274 0.354836 0.525164 0.479082 0.325218 0.384925 0.513161 0.280731 0.47386 0.478404 0.526469 0.447996 0.523532
0.374208 0.453694 0.302473 0.372459 0.350217 0.32698 0 0.464125 0.350508 0.517796 0.310181 0.328011 0.34633 1.12058 0.435591 0.312639 0.470444 0.371007 0.516816 0.476833 0.29885 0.2715 0.725358 0.572471 0.280642 0.341895 0.282466 0.568128 0.349161 0.458145 0.576668 0.355965 0.309595 0.3053 0.872626 0.352032 0.3443 0.382858 0.28136 0.308317 0.342139 0.353856 0.43807 0.354294 0.371215 0.380205 0.330564 0.248235 0.309673 0.380309 0.586842 0.348394 0.420257 0.369476 0.379096 0.37338 0.381552 0.538419 0.378169 0.375835 0.314723 0.321258 0.374572 0.385522 0.373134 0.477901 0.731918 0.476122 0.34423 0.270828 0.343192 0.151567 0.686962 0.528499 0.545199 0.345428 0.346132 0.383721 0.314407 0.170538 0.531896 0.370046 0.34533 0.352071 0.361828 0.43849 0.29676 0.268316 0.368119 0.321554 0.320185 0.227896 0.383613 0.447539 0.350833 0.343017 1.32402 0.369712 0.52862 0.377415 0.4955 0.504576 0.384824 0.448582 0.347503 0.955335 0.349705 0.646343 0.382608 1.49855 0.380922 0.34231 0.349026 0.357913 0.342057 0.384269 0.263663 0.362321 0.738849 0.342852 0.307374 0.381831 0.348023 0.251321 0.340864 0.360862 0.385312 0.358017 0.378634 0.358277 0.333726 0.371105 0.370445 0.292105 0.342637 0.332553 0.269874 0.3502 0.22913 0.350399 0.417134 0.37268 0.816722 0.280161 0.347961 0.567821 0.587736 0.714288 0.461266 0.230306 0.389864 0.362614 0.349719 0.326394 0.499506 0.335058 0.35048 0.385574 0.273404 0.346813 0.302889 0.347645 0.172734 0.39843 0.318282 0.382118 0.21073 0.380894 0.438021 0.382123 0.191606 0.408734 0.486973 0.319574 0.314961 1.14982 0.426347 0.349871 0.298731 0.30971 0.330046 0.342383 0.507301 0.427525 0.349692 0.356997 0.321555 0.340867 0.281288 0.692766 0.406965 0.492823 0.361636 0.357139 0.220976 0.382589 0.352107 0.341922 0.327772 0.382808 0.386218 0.622765 0.309852 0.726006 0.38376 0.379352 0.345437 0.351907 0.462018 0.3472 0.380519 0.413933 0.469712 0.3368 0.521723 0.37509 0.380585 0.348748 0.252807 0.347253
0.56178 0.265552 0.54377 0.0984941 0.60669 0.150928 0.464125 0 0.600741 0.516214 0.292244 0.254923 0.620134 0.850716 0.0415677 0.337738 0.431969 0.562272 0.296048 0.283244 0.547067 0.543924 0.319374 0.596299 0.484119 0.593758 0.294439 0.57937 0.623632 0.136667 0.516532 0.372769 0.57422 0.578405 0.683854 0.625806 0.615001 0.558197 0.188442 0.52339 0.615355 0.599816 0.0492463 0.545561 0.552162 0.552858 0.598917 0.516115 0.262514 0.557365 0.431394 0.622401 0.35279 0.240025 0.558317 0.551306 0.557801 0.287115 0.557722 0.551668 0.588032 0.593482 0.54952 0.558827 0.549345 0.0385255 0.600673 0.386971 0.611643 0.516582 0.625506 0.546767 0.355218 0.534167 0.474897 0.618979 0.401566 0.55915 0.2473 0.43828 0.49998 0.157423 0.61898 0.62584 0.587697 0.0702095 0.207128 0.36405 0.56525 0.173505 0.15315 0.349938 0.111159 0.302655 0.606425 0.617645 1.01607 0.322344 0.44458 0.56094 0.0995534 0.515077 0.558698 0.336512 0.621405 0.781654 0.622816 0.469328 0.557595 1.14745 0.558641 0.616332 0.622721 0.597195 0.626842 0.55772 0.274916 0.286083 0.504723 0.625715 0.579435 0.223068 0.354754 0.389364 0.618156 0.280309 0.558229 0.588862 0.232199 0.199451 0.196583 0.548136 0.133347 0.318917 0.369032 0.524826 0.205307 0.623982 0.27526 0.624007 0.282198 0.557403 0.736362 0.47372 0.231778 0.304475 0.321492 0.393354 0.303439 0.262849 0.359367 0.585632 0.605905 0.349707 0.352161 0.361796 0.612243 0.558331 0.510799 0.620509 0.560145 0.61782 0.387279 0.0852969 0.590061 0.557394 0.535055 0.558467 0.324981 0.557438 0.27731 0.326285 0.165809 0.525938 0.38216 0.884936 0.223576 0.623505 0.19421 0.219572 0.616084 0.591619 0.355647 0.171164 0.618219 0.564116 0.523707 0.614092 0.529913 0.464241 0.14326 0.400972 0.584121 0.597084 0.33833 0.557918 0.625905 0.618669 0.601107 0.558517 0.558428 0.414775 0.507864 0.540628 0.557269 0.557683 0.61851 0.625746 0.317744 0.622557 0.558644 0.291111 0.361676 0.610593 0.203628 0.554812 0.558163 0.623679 0.55235 0.621011
0.0541736 0.684749 0.109327 0.54903 0.00729479 0.503767 0.350508 0.600741 0 0.502905 0.514878 0.5889 0.0231878 1.31727 0.582009 0.57177 0.708703 0.0517654 0.713575 0.683751 0.0940194 0.152338 0.87002 0.834553 0.213861 0.0160502 0.54735 0.714362 0.0290003 0.633539 0.835344 0.651746 0.0558765 0.0597174 1.10173 0.0284767 0.0233276 0.0651858 0.512769 0.520277 0.0249129 0.00617099 0.579892 0.0913695 0.0668063 0.0687537 0.0312647 0.191821 0.548732 0.0621375 0.80695 0.0260588 0.68675 0.579816 0.0608002 0.0687855 0.0648221 0.738093 0.0619271 0.0668136 0.0546641 0.0493798 0.0695841 0.0670018 0.0693991 0.618038 0.9593 0.696798 0.0227384 0.173268 0.0416013 0.221843 0.855205 0.509002 0.751832 0.0265187 0.219712 0.0652214 0.529632 0.419037 0.54422 0.593332 0.0309383 0.0283893 0.023918 0.553675 0.517044 0.522005 0.0510361 0.55994 0.514318 0.479248 0.559898 0.69178 0.00865054 0.0277347 1.44425 0.291437 0.795046 0.0581945 0.662669 0.689235 0.0664974 0.684724 0.0264658 1.1791 0.0251335 0.849727 0.0646903 1.60755 0.0632591 0.0307254 0.0262001 0.0123996 0.0438821 0.0660423 0.328255 0.592855 0.928557 0.0418414 0.0672963 0.619137 0.302041 0.44749 0.0328655 0.625287 0.0669976 0.0205304 0.634572 0.564666 0.574755 0.0671758 0.496074 0.556188 0.607985 0.111292 0.467153 0.0272352 0.49438 0.0261814 0.603887 0.0663961 0.885769 0.285886 0.593486 0.768989 0.80957 0.89971 0.690285 0.477478 0.613569 0.0249772 0.031347 0.528361 0.752013 0.537429 0.0255199 0.0672458 0.185283 0.0244994 0.104488 0.0242925 0.402094 0.561591 0.0443142 0.0653953 0.370233 0.0637945 0.59219 0.0658802 0.437051 0.668551 0.679418 0.106281 0.451542 1.31117 0.661711 0.0256061 0.534689 0.538573 0.0468771 0.0100281 0.719277 0.630077 0.0216542 0.0468516 0.100148 0.0302886 0.165227 0.904158 0.602814 0.726606 0.0256533 0.0132774 0.430324 0.0650045 0.028456 0.0367287 0.0412871 0.0642321 0.067692 0.845989 0.117698 0.967248 0.0668511 0.0613241 0.0246438 0.0281148 0.715564 0.0341279 0.0631097 0.664414 0.724274 0.0336318 0.706047 0.0633863 0.062197 0.0316444 0.127707 0.0266243
0.525165 0.46984 0.438169 0.509376 0.507615 0.5548 0.517796 0.516214 0.502905 0 0.336151 0.500478 0.518421 0.823368 0.514895 0.361015 0.277475 0.521913 0.2953 0.319876 0.442092 0.434645 0.402751 0.337966 0.370895 0.494513 0.44501 0.214658 0.522264 0.41689 0.340761 0.357958 0.472798 0.47584 0.605319 0.524455 0.513569 0.534839 0.432555 0.549575 0.513768 0.502609 0.511636 0.443166 0.522087 0.533585 0.499196 0.406292 0.408381 0.533684 0.317942 0.520929 0.466012 0.468551 0.532781 0.527116 0.533642 0.298529 0.530158 0.527766 0.487304 0.492856 0.527167 0.538278 0.525064 0.509034 0.466295 0.414727 0.511127 0.403833 0.522844 0.459396 0.372723 0.0469829 0.254524 0.517034 0.301828 0.536086 0.473792 0.482782 0.0875969 0.451532 0.517874 0.524416 0.503045 0.5662 0.520732 0.439537 0.518173 0.428923 0.484476 0.58788 0.540123 0.354303 0.507731 0.516094 0.995618 0.328156 0.305623 0.529575 0.456378 0.192985 0.537023 0.307342 0.520115 0.684602 0.521149 0.380385 0.535063 1.16633 0.534037 0.514912 0.521567 0.501436 0.524074 0.537474 0.454882 0.5038 0.430977 0.522855 0.475263 0.414895 0.224161 0.594045 0.516193 0.416051 0.53816 0.499266 0.426314 0.54375 0.408773 0.524297 0.626408 0.505228 0.362789 0.421018 0.464439 0.522487 0.458236 0.522315 0.27989 0.527385 0.414155 0.386716 0.500543 0.360813 0.327157 0.41089 0.366136 0.437974 0.376289 0.503143 0.51527 0.346934 0.333486 0.396955 0.51535 0.538483 0.400185 0.518996 0.454402 0.516779 0.595686 0.448087 0.4907 0.534154 0.479125 0.533329 0.21578 0.534434 0.497245 0.473792 0.414886 0.468076 0.353491 0.81769 0.4121 0.521992 0.478358 0.394882 0.513227 0.493954 0.278816 0.398768 0.517473 0.504987 0.419763 0.513309 0.421225 0.408903 0.454003 0.402174 0.502803 0.502446 0.379448 0.533955 0.524731 0.517053 0.500077 0.535736 0.539669 0.355563 0.454328 0.471615 0.536201 0.531165 0.516741 0.524447 0.485773 0.521141 0.532784 0.41559 0.424714 0.509381 0.381132 0.52789 0.532568 0.522077 0.435488 0.519748
0.521574 0.180579 0.427313 0.260228 0.519907 0.324383 0.310181 0.292244 0.514878 0.336151 0 0.174759 0.533283 0.896327 0.296732 0.13356 0.218802 0.518889 0.292876 0.250126 0.448791 0.403338 0.485965 0.384281 0.327657 0.506787 0.252887 0.352984 0.536895 0.255662 0.340641 0.237308 0.484616 0.49116 0.632398 0.539004 0.52837 0.530844 0.168342 0.317473 0.528585 0.514474 0.292776 0.457851 0.518435 0.528467 0.51212 0.347614 0.12339 0.528873 0.330943 0.535636 0.190632 0.155831 0.527818 0.522509 0.529616 0.298117 0.526296 0.523805 0.499488 0.505586 0.522429 0.533593 0.521213 0.280121 0.511905 0.258414 0.525136 0.362257 0.531691 0.39096 0.428302 0.353629 0.31667 0.532385 0.309889 0.531853 0.266655 0.262036 0.311972 0.179486 0.532341 0.538996 0.513542 0.348956 0.206934 0.214772 0.51584 0.165489 0.222102 0.308046 0.278346 0.203136 0.520013 0.53088 1.1108 0.296349 0.38122 0.52556 0.245072 0.277867 0.53272 0.309352 0.53459 0.751234 0.536027 0.422512 0.530749 1.28342 0.529435 0.528023 0.536052 0.514838 0.530609 0.532426 0.270254 0.211004 0.510818 0.531328 0.484243 0.126875 0.221667 0.406671 0.526688 0.141552 0.533313 0.51165 0.143616 0.247467 0.133642 0.519241 0.406706 0.214462 0.130333 0.435636 0.241366 0.5372 0.269216 0.537159 0.176229 0.52137 0.588664 0.29736 0.173292 0.282738 0.357493 0.472378 0.180696 0.264211 0.136776 0.512983 0.524953 0.154599 0.254281 0.176287 0.527701 0.53358 0.3507 0.533768 0.442834 0.531007 0.434753 0.219857 0.502392 0.529996 0.315554 0.529108 0.187628 0.530201 0.290103 0.185183 0.228002 0.452716 0.181768 0.92339 0.167171 0.536766 0.207435 0.109377 0.518597 0.5059 0.24121 0.210972 0.531631 0.5054 0.435572 0.52791 0.387053 0.415964 0.223313 0.266792 0.511968 0.514521 0.122944 0.530489 0.539146 0.524209 0.51445 0.531082 0.534417 0.362164 0.44006 0.47064 0.53167 0.527441 0.531728 0.538979 0.219168 0.535262 0.528778 0.15279 0.235265 0.523849 0.256806 0.523732 0.52851 0.536729 0.421213 0.534171
0.589382 0.18245 0.502219 0.198469 0.594955 0.243675 0.328011 0.254923 0.5889 0.500478 0.174759 0 0.608441 0.911076 0.239031 0.17041 0.294211 0.586911 0.304352 0.30122 0.524975 0.478838 0.499983 0.469824 0.405435 0.58083 0.276686 0.503835 0.612149 0.263155 0.356959 0.202427 0.559826 0.565873 0.652521 0.613799 0.60342 0.593495 0.137396 0.312726 0.603861 0.587991 0.242492 0.533472 0.583129 0.589871 0.587479 0.421741 0.139988 0.591992 0.355945 0.610854 0.183299 0.156931 0.592139 0.585042 0.592769 0.335084 0.590835 0.586584 0.576194 0.58101 0.584941 0.595354 0.584842 0.255432 0.556411 0.269414 0.600309 0.439555 0.606701 0.413897 0.442768 0.518049 0.436138 0.60795 0.399578 0.594495 0.215331 0.220187 0.478197 0.163701 0.607209 0.61372 0.585178 0.275508 0.169196 0.193213 0.585585 0.153142 0.182033 0.163779 0.206138 0.220689 0.594849 0.606262 1.16251 0.355857 0.402986 0.59188 0.256596 0.423497 0.59492 0.334248 0.609773 0.774586 0.611127 0.451621 0.592717 1.30095 0.593171 0.603385 0.610933 0.586996 0.605432 0.594272 0.317266 0.145848 0.516438 0.606184 0.559587 0.161434 0.358054 0.329618 0.602073 0.099468 0.594983 0.583486 0.153052 0.15903 0.160305 0.582853 0.330948 0.0980118 0.18848 0.512548 0.204193 0.61211 0.24137 0.612056 0.282813 0.587269 0.734538 0.377364 0.0811136 0.308917 0.351347 0.478751 0.22073 0.242584 0.240986 0.584594 0.59886 0.226592 0.264011 0.239352 0.602335 0.595192 0.427099 0.608669 0.519434 0.606366 0.374459 0.219493 0.577821 0.592727 0.31389 0.592907 0.320651 0.592903 0.237277 0.168768 0.251121 0.52166 0.268166 0.991348 0.174025 0.611677 0.134912 0.142418 0.593251 0.579947 0.315695 0.232034 0.606848 0.574932 0.510618 0.603127 0.463229 0.435033 0.220161 0.263914 0.583553 0.587292 0.190573 0.592639 0.614048 0.599356 0.589377 0.593826 0.595679 0.362951 0.508547 0.469606 0.593602 0.591164 0.606857 0.6139 0.209055 0.610592 0.592625 0.165106 0.22243 0.598744 0.294106 0.587614 0.592329 0.612054 0.494769 0.609041
0.075148 0.703398 0.106566 0.568222 0.0172861 0.52295 0.34633 0.620134 0.0231878 0.518421 0.533283 0.608441 0 1.3312 0.601375 0.588713 0.724546 0.0729238 0.733375 0.703602 0.0872703 0.149855 0.889921 0.848469 0.21872 0.0364416 0.554222 0.728467 0.00751629 0.653166 0.849848 0.667599 0.0498806 0.0440077 1.1161 0.00630975 0.0101725 0.0858912 0.531985 0.528476 0.00697124 0.0263333 0.599152 0.0767275 0.0887988 0.0901047 0.0235527 0.193806 0.569422 0.0830317 0.823518 0.00431295 0.7019 0.597588 0.0815293 0.0901824 0.0856961 0.757954 0.0828397 0.0884419 0.0375877 0.0318019 0.0914389 0.0881121 0.0907831 0.637746 0.976086 0.70983 0.0144601 0.176016 0.0205866 0.214398 0.875046 0.526128 0.768193 0.00544466 0.227551 0.0863141 0.542553 0.427657 0.559821 0.612794 0.00927308 0.00624232 0.0449754 0.572941 0.536695 0.529469 0.0718936 0.579274 0.533589 0.49795 0.579535 0.709825 0.0211007 0.00687749 1.45785 0.313824 0.811031 0.0792815 0.682499 0.705116 0.0876143 0.701862 0.0046741 1.19318 0.00520822 0.866026 0.0856735 1.62114 0.0841597 0.0167817 0.00405022 0.0332044 0.0227368 0.0871338 0.34703 0.606692 0.944332 0.020926 0.0549492 0.638952 0.318372 0.444858 0.0178851 0.644281 0.0880888 0.0414737 0.654371 0.584479 0.594308 0.0890812 0.51473 0.575499 0.620915 0.100838 0.486262 0.00517717 0.501731 0.00481381 0.623844 0.0872065 0.899625 0.290043 0.612649 0.788293 0.829523 0.919607 0.708829 0.488503 0.625012 0.0460627 0.0269246 0.546751 0.7692 0.54921 0.0196017 0.0883452 0.189667 0.00294799 0.0967914 0.0138167 0.396823 0.581055 0.0350086 0.0862769 0.373443 0.0848409 0.611938 0.0867976 0.456001 0.67895 0.69932 0.128284 0.459859 1.32539 0.681506 0.0045374 0.554314 0.558244 0.0278903 0.0319051 0.73894 0.649645 0.0121028 0.0681351 0.10529 0.00984159 0.171656 0.923883 0.622324 0.739132 0.0465458 0.0342526 0.442015 0.0860771 0.00642248 0.0273316 0.0220689 0.085296 0.0887808 0.864746 0.139744 0.981807 0.0875759 0.0823896 0.00677366 0.00611338 0.728229 0.0128626 0.0839276 0.682762 0.739812 0.0133648 0.72588 0.0846691 0.0832454 0.0101863 0.123767 0.00519868
1.28901 0.807111 1.24126 0.850201 1.32196 0.91479 1.12058 0.850716 1.31727 0.823368 0.896327 0.911076 1.3312 0 0.846723 0.874285 0.733662 1.28882 0.694812 0.739056 1.25566 1.22484 0.591938 0.618108 1.16914 1.31109 0.922793 0.675202 1.33478 0.766731 0.621593 0.821587 1.28777 1.29005 0.2812 1.33659 1.32691 1.29108 0.899298 1.13194 1.32669 1.31676 0.844859 1.25551 1.28195 1.28696 1.3132 1.18893 0.905666 1.28958 0.654369 1.33348 0.878133 0.889144 1.28946 1.28405 1.2904 0.654098 1.28864 1.28416 1.3018 1.30638 1.28285 1.29265 1.28224 0.833399 0.468954 0.818531 1.3245 1.2008 1.33219 1.21669 0.542694 0.822749 0.64165 1.33056 1.11377 1.2921 0.90705 1.08462 0.820569 0.840454 1.33 1.33652 1.30869 0.897015 0.915892 0.991186 1.29125 0.855812 0.87609 1.03153 0.863338 0.746521 1.32222 1.32891 0.266414 1.06996 0.65765 1.29012 0.765974 0.746515 1.29223 0.760611 1.33229 0.213934 1.33406 0.576654 1.29004 0.397666 1.2907 1.32696 1.33375 1.31574 1.33206 1.29144 1.04426 0.920896 0.450892 1.33193 1.28795 0.821178 1.0321 1.07411 1.32697 0.838591 1.29215 1.30895 0.821417 0.885913 0.842673 1.28028 0.954229 0.970685 0.875514 1.23641 0.94295 1.3349 0.949019 1.33491 0.76458 1.28544 0.447066 1.14561 0.884545 0.673365 0.624922 0.480553 0.750095 0.955631 0.851657 1.3071 1.3205 0.947918 0.697493 0.952276 1.3263 1.29231 1.19044 1.33165 1.25793 1.33026 1.08409 0.830115 1.30192 1.29005 1.17605 1.29056 0.761014 1.29041 0.983919 0.86124 0.743155 1.2415 0.998024 0.147246 0.779912 1.3347 0.889765 0.878173 1.32039 1.30848 0.695011 0.770986 1.33086 1.28925 1.23704 1.32591 1.21159 0.530995 0.827592 0.787016 1.3057 1.31557 0.988656 1.2902 1.33683 1.32655 1.31258 1.29128 1.2926 0.606526 1.2241 0.547746 1.29086 1.28901 1.33009 1.33665 0.836672 1.33323 1.29046 0.820715 0.784011 1.32159 0.714248 1.28614 1.28983 1.33468 1.22137 1.33186
0.54343 0.263591 0.527558 0.0772209 0.587862 0.125802 0.435591 0.0415677 0.582009 0.514895 0.296732 0.239031 0.601375 0.846723 0 0.331002 0.428659 0.543802 0.29706 0.295889 0.530472 0.522761 0.334846 0.60707 0.467182 0.573217 0.301371 0.586934 0.604847 0.129818 0.514297 0.364515 0.557952 0.560143 0.683454 0.606659 0.596389 0.541143 0.175806 0.499658 0.596759 0.580992 0.0317662 0.525806 0.534138 0.535989 0.580148 0.49605 0.26397 0.540141 0.442856 0.603772 0.366053 0.239141 0.540596 0.532532 0.540596 0.294129 0.540134 0.53461 0.571404 0.577635 0.532312 0.541873 0.533145 0.0582998 0.612028 0.382382 0.593039 0.49727 0.605292 0.520012 0.348544 0.528926 0.485075 0.601279 0.380592 0.541976 0.222216 0.41565 0.511555 0.159012 0.599805 0.606702 0.569007 0.0602075 0.190189 0.352639 0.546579 0.1719 0.126024 0.32242 0.0868274 0.307133 0.587759 0.599021 1.02212 0.306534 0.449411 0.542816 0.107689 0.527402 0.541635 0.344972 0.602609 0.778124 0.604025 0.475205 0.540432 1.15296 0.541376 0.596894 0.603713 0.578493 0.606729 0.540667 0.258978 0.264244 0.501027 0.605442 0.562466 0.229386 0.349669 0.366041 0.598425 0.272435 0.541297 0.570096 0.238537 0.171864 0.192001 0.530613 0.119359 0.295475 0.374259 0.504858 0.177549 0.604864 0.257488 0.604922 0.289393 0.538587 0.730108 0.454711 0.212395 0.308949 0.326886 0.397082 0.313368 0.240197 0.354795 0.566916 0.58745 0.358407 0.35481 0.358758 0.593833 0.541403 0.493172 0.601391 0.54235 0.599063 0.357023 0.0851205 0.572778 0.540153 0.513331 0.541039 0.321327 0.540347 0.249766 0.320043 0.166419 0.508304 0.377173 0.899604 0.231342 0.604407 0.168939 0.223097 0.595811 0.573133 0.352261 0.171322 0.599486 0.544241 0.502033 0.595987 0.507418 0.474444 0.149965 0.392821 0.565427 0.578417 0.317741 0.540713 0.606703 0.598638 0.582729 0.541326 0.54155 0.420129 0.488801 0.548039 0.540248 0.540301 0.599562 0.606621 0.331129 0.603679 0.54142 0.303136 0.35748 0.59152 0.218056 0.536936 0.540579 0.604889 0.525906 0.601836
0.582698 0.183408 0.491612 0.297895 0.576396 0.358084 0.312639 0.337738 0.57177 0.361015 0.13356 0.17041 0.588713 0.874285 0.331002 0 0.215774 0.580744 0.281489 0.24368 0.506642 0.465717 0.48637 0.347086 0.401381 0.563128 0.249272 0.361178 0.592294 0.266146 0.296721 0.11964 0.540009 0.547858 0.611939 0.594022 0.584132 0.588082 0.191767 0.323068 0.584166 0.571696 0.324425 0.51353 0.57702 0.585903 0.567626 0.412269 0.121451 0.587075 0.296798 0.591096 0.146247 0.20773 0.586248 0.579201 0.587049 0.302588 0.584562 0.581546 0.556251 0.561248 0.579731 0.59068 0.579564 0.32148 0.490195 0.185634 0.581334 0.433178 0.586834 0.413207 0.425562 0.37418 0.346598 0.58858 0.369049 0.589224 0.242034 0.237263 0.351183 0.205579 0.587624 0.594045 0.573956 0.38266 0.256044 0.176449 0.578695 0.196772 0.254674 0.273918 0.320983 0.198974 0.576483 0.586405 1.08769 0.355352 0.344387 0.58498 0.255235 0.298332 0.589881 0.273261 0.590065 0.723478 0.591357 0.406696 0.588387 1.26225 0.587691 0.583488 0.591106 0.573132 0.58574 0.589656 0.366504 0.234601 0.490601 0.586421 0.539735 0.140921 0.277278 0.359389 0.582227 0.0918295 0.590423 0.570853 0.158001 0.272545 0.147384 0.577133 0.441199 0.176456 0.0898257 0.492857 0.263165 0.592288 0.259495 0.592314 0.21275 0.581045 0.628027 0.378461 0.197009 0.296615 0.340297 0.457414 0.183768 0.26124 0.168295 0.574198 0.583221 0.141928 0.254056 0.178964 0.585504 0.590672 0.42034 0.588946 0.50665 0.586778 0.424717 0.261868 0.558082 0.58746 0.329494 0.586879 0.241832 0.5877 0.284104 0.166162 0.241189 0.515457 0.21061 0.912705 0.163403 0.591861 0.24426 0.145396 0.573652 0.563054 0.250969 0.208276 0.587559 0.567659 0.49276 0.583394 0.446268 0.416773 0.247575 0.200888 0.573362 0.573358 0.19896 0.587682 0.594181 0.580023 0.569609 0.588835 0.591522 0.342457 0.50204 0.458772 0.588787 0.585339 0.587003 0.594077 0.204267 0.590716 0.586756 0.139457 0.193447 0.578938 0.274932 0.582331 0.58638 0.592179 0.468114 0.589306
0.710502 0.227224 0.618553 0.394398 0.713446 0.456663 0.470444 0.431969 0.708703 0.277475 0.218802 0.294211 0.724546 0.733662 0.428659 0.215774 0 0.708536 0.176011 0.180263 0.640559 0.596389 0.359922 0.266052 0.512955 0.701725 0.395894 0.283845 0.728154 0.323332 0.151307 0.232209 0.676022 0.683157 0.46676 0.730199 0.719704 0.71673 0.307905 0.445757 0.719793 0.708603 0.423892 0.649196 0.706024 0.714489 0.703976 0.540445 0.258925 0.715408 0.20272 0.727001 0.241411 0.249285 0.714189 0.70929 0.715551 0.193573 0.712855 0.709806 0.691677 0.696881 0.708267 0.719584 0.707244 0.415529 0.35067 0.25305 0.716731 0.554978 0.722889 0.568669 0.283932 0.28899 0.2156 0.723928 0.504556 0.717847 0.406021 0.406149 0.254373 0.31017 0.723477 0.730234 0.706835 0.480047 0.344462 0.350356 0.706352 0.313073 0.355932 0.439059 0.414958 0.180719 0.713647 0.722199 0.942665 0.490484 0.264959 0.712932 0.339975 0.210706 0.718583 0.249317 0.725813 0.587353 0.727265 0.28986 0.716952 1.11873 0.715943 0.719374 0.727182 0.708918 0.721923 0.718391 0.45202 0.305407 0.370308 0.722585 0.675533 0.230844 0.420627 0.538516 0.718031 0.222764 0.719295 0.705409 0.253962 0.360614 0.249911 0.70538 0.537917 0.346964 0.16207 0.62862 0.39383 0.728394 0.408217 0.728436 0.179832 0.708676 0.486207 0.458738 0.256861 0.142971 0.215831 0.336028 0.14365 0.412493 0.146969 0.70626 0.716636 0.324648 0.143662 0.303056 0.719448 0.719546 0.537069 0.724922 0.635032 0.722456 0.573872 0.357286 0.693957 0.716005 0.472312 0.715324 0.15878 0.71616 0.443555 0.209477 0.281963 0.642758 0.334914 0.765949 0.230017 0.727919 0.35776 0.248451 0.709909 0.699819 0.114474 0.281503 0.723076 0.696942 0.628432 0.71906 0.581016 0.263415 0.348763 0.213122 0.705096 0.708594 0.313904 0.716498 0.730303 0.715717 0.70565 0.717284 0.72032 0.218787 0.630229 0.277575 0.717678 0.713995 0.722998 0.73014 0.223703 0.726552 0.715236 0.170723 0.151106 0.714985 0.240097 0.711179 0.714787 0.728014 0.613732 0.725405
0.00663086 0.678409 0.157288 0.514251 0.0569645 0.474396 0.371007 0.562272 0.0517654 0.521913 0.518889 0.586911 0.0729238 1.28882 0.543802 0.580744 0.708536 0 0.688374 0.662093 0.140428 0.197445 0.835513 0.833383 0.250929 0.0594449 0.564087 0.722402 0.0744749 0.600931 0.831469 0.661598 0.105195 0.108491 1.08099 0.0764681 0.0707643 0.0166788 0.501949 0.533528 0.0756422 0.0483318 0.541977 0.140806 0.0198774 0.0212231 0.0786065 0.232405 0.537267 0.0147396 0.800973 0.0744834 0.692055 0.57736 0.0131859 0.0204244 0.0168798 0.715893 0.0140039 0.0192969 0.102386 0.0972662 0.0225963 0.0189485 0.0218543 0.579888 0.943212 0.706166 0.0689301 0.215192 0.086562 0.256835 0.825832 0.51775 0.746654 0.0744707 0.262985 0.0169724 0.536073 0.437552 0.560378 0.569295 0.0799836 0.076245 0.0315188 0.51472 0.496412 0.539503 0.0105264 0.549368 0.487914 0.47654 0.526599 0.68886 0.054541 0.0747769 1.41454 0.248302 0.793769 0.0110427 0.627432 0.693918 0.01826 0.686744 0.0749655 1.15489 0.0730685 0.831743 0.0152578 1.58004 0.0139593 0.0759926 0.0763727 0.0433052 0.0883175 0.018261 0.312152 0.597461 0.912189 0.0862596 0.114736 0.603642 0.336588 0.464705 0.0785954 0.623921 0.0191336 0.034814 0.628516 0.545774 0.556757 0.0210043 0.457773 0.560171 0.616455 0.158273 0.459717 0.075648 0.511878 0.0740734 0.589278 0.0171203 0.88052 0.313458 0.588987 0.753113 0.782163 0.869834 0.682107 0.493477 0.616004 0.0299968 0.0560662 0.535846 0.746248 0.552649 0.0606645 0.0193598 0.226814 0.0743379 0.150732 0.0686835 0.421398 0.528645 0.0916235 0.0160914 0.395353 0.0148879 0.581557 0.0172288 0.444607 0.669592 0.650192 0.0763882 0.476364 1.28295 0.646125 0.0738417 0.5301 0.529191 0.0943656 0.0573898 0.703192 0.603815 0.0684123 0.0209648 0.146348 0.0816526 0.209338 0.882716 0.579609 0.734607 0.0285681 0.0426294 0.445848 0.0153332 0.076675 0.0790795 0.0920232 0.0163247 0.0200157 0.830772 0.0822045 0.95573 0.0183657 0.0138527 0.0726679 0.0763381 0.713928 0.0790312 0.0146794 0.66075 0.723835 0.0848919 0.678115 0.0139558 0.0143351 0.0766103 0.174524 0.0773122
0.690401 0.26109 0.656238 0.288443 0.71968 0.331447 0.516816 0.296048 0.713575 0.2953 0.292876 0.304352 0.733375 0.694812 0.29706 0.281489 0.176011 0.688374 0 0.107026 0.660945 0.631844 0.237973 0.338295 0.577784 0.704542 0.336122 0.321123 0.73671 0.188567 0.260075 0.236782 0.689948 0.691808 0.472183 0.738983 0.728279 0.694066 0.255842 0.547267 0.728621 0.71245 0.301032 0.657751 0.684348 0.689956 0.712604 0.605633 0.284934 0.692601 0.206222 0.735714 0.30401 0.318243 0.692663 0.685488 0.693299 0.11957 0.69163 0.687141 0.702488 0.709365 0.685444 0.695736 0.684967 0.291382 0.343102 0.302706 0.724853 0.612842 0.730924 0.609925 0.220296 0.31294 0.229964 0.732709 0.513079 0.695055 0.332949 0.491081 0.282623 0.204051 0.732206 0.739019 0.701401 0.350956 0.310964 0.400348 0.687318 0.226992 0.276945 0.413673 0.310951 0.166914 0.719335 0.730682 0.90766 0.459682 0.207753 0.692672 0.229469 0.252283 0.695183 0.165583 0.73459 0.535452 0.736064 0.207473 0.693628 1.0568 0.693571 0.727504 0.735991 0.70978 0.729937 0.69448 0.407381 0.346688 0.302333 0.730585 0.693613 0.199618 0.425387 0.492337 0.726123 0.233359 0.69525 0.701918 0.220521 0.318383 0.201368 0.683254 0.410671 0.360561 0.288 0.635546 0.315875 0.737169 0.36051 0.737184 0.143212 0.687377 0.511337 0.563668 0.290603 0.159231 0.134187 0.23881 0.172476 0.364315 0.293771 0.699855 0.71913 0.322333 0.139429 0.392051 0.725336 0.695426 0.609637 0.733714 0.669301 0.730727 0.509045 0.256078 0.705987 0.693195 0.572667 0.693395 0.141397 0.693316 0.378123 0.298745 0.180903 0.637064 0.420161 0.731673 0.172267 0.73671 0.295916 0.234586 0.717964 0.704968 0.120799 0.160827 0.731491 0.680541 0.634505 0.728497 0.612378 0.241755 0.218286 0.265234 0.698353 0.709596 0.394687 0.693704 0.739091 0.723378 0.71586 0.694279 0.695863 0.195225 0.623156 0.326647 0.69389 0.692159 0.73167 0.73893 0.282806 0.734835 0.693226 0.221319 0.233055 0.724058 0.158789 0.688125 0.692912 0.736446 0.641045 0.734201
0.663975 0.253832 0.625473 0.269607 0.689848 0.327678 0.476833 0.283244 0.683751 0.319876 0.250126 0.30122 0.703602 0.739056 0.295889 0.24368 0.180263 0.662093 0.107026 0 0.631259 0.608245 0.262144 0.326494 0.553982 0.676738 0.321113 0.35346 0.707222 0.187341 0.2724 0.235351 0.658326 0.661883 0.504725 0.709076 0.698669 0.668346 0.206474 0.540297 0.698834 0.682715 0.299478 0.627986 0.658907 0.664865 0.682614 0.575759 0.267439 0.666957 0.24022 0.706117 0.283568 0.276089 0.666226 0.660469 0.667441 0.129591 0.665439 0.661626 0.673202 0.677555 0.659678 0.670209 0.659226 0.285092 0.347452 0.304399 0.695145 0.58922 0.702262 0.561589 0.275633 0.326931 0.233791 0.703584 0.482569 0.669336 0.351377 0.448104 0.296363 0.213438 0.702315 0.709115 0.672244 0.345717 0.268613 0.375677 0.660492 0.212694 0.239136 0.407369 0.309001 0.177817 0.689871 0.701334 0.934532 0.431397 0.24707 0.666271 0.221989 0.264946 0.669471 0.177002 0.704752 0.60513 0.706236 0.267528 0.6681 1.10882 0.667634 0.698594 0.706059 0.680219 0.701341 0.668886 0.373405 0.357226 0.370983 0.701989 0.662768 0.166662 0.398539 0.49287 0.697107 0.225069 0.669759 0.672379 0.212887 0.319461 0.163599 0.656925 0.405057 0.358292 0.252739 0.608762 0.293533 0.707223 0.350424 0.707258 0.0995534 0.661476 0.538801 0.540113 0.276626 0.181146 0.155082 0.280512 0.139782 0.350115 0.250269 0.67067 0.691387 0.326348 0.162939 0.371683 0.695958 0.669937 0.575275 0.703745 0.641465 0.701364 0.51648 0.231989 0.673037 0.667268 0.54226 0.667233 0.113231 0.667603 0.36895 0.287076 0.177584 0.610575 0.405099 0.727828 0.165659 0.706747 0.297242 0.220985 0.689396 0.674857 0.145413 0.140241 0.701736 0.654027 0.606923 0.698147 0.589047 0.297046 0.199263 0.272493 0.669307 0.680203 0.361066 0.668093 0.709145 0.694693 0.684334 0.668601 0.670426 0.237007 0.59569 0.360863 0.6685 0.666321 0.702136 0.708958 0.246809 0.705669 0.667527 0.189947 0.223166 0.69386 0.124765 0.663385 0.666641 0.707132 0.61728 0.704278
